0.100559457699199
0.0807563520136502
0.0339492262144195
0.00345639927788471
0.00345639927788471
0.00345639927788471
0.00345639927788471
0.00345639927788471
0.00345639927788471
0.00345639927788471
0.00345639927788471
0.00345639927788471
0.00345639927788471
0.00345639927788471
0.00151864559329443
0.00151864559329443
0.00151864559329443
0.00151864559329443
0.00151864559329443
0.00151864559329443
0.00123274570537312
0.00123274570537312
0.0010234346256077
0.000997464740295884
0.00084914501287525
0.00084914501287525
0.00084914501287525
0.000523362229572106
0.000523362229572106
0.000523362229572106
0.000523362229572106
0.000418086215305714
0.000418086215305714
0.000418086215305714
0.000418086215305714
0.000418086215305714
0.000418086215305714
0.000247675168126246
0.000247675168126246
0.000247675168126246
0.000247675168126246
0.000247675168126246
0.000217869709033266
0.000112442004698857
0.000112442004698857
0.000112442004698857
0.000112442004698857
0.000112442004698857
0.00010474478982801
0.00010474478982801
7.24285179950746E-05
7.24285179950746E-05
7.24285179950746E-05
7.24285179950746E-05
7.24285179950746E-05
5.93400490010942E-05
5.93400490010942E-05
5.93400490010942E-05
5.93400490010942E-05
5.93400490010942E-05
5.93400490010942E-05
4.70924079742053E-05
4.70924079742053E-05
4.70924079742053E-05
4.70924079742053E-05
4.70924079742053E-05
4.70924079742053E-05
4.70924079742053E-05
4.70924079742053E-05
4.70924079742053E-05
1.80613306764931E-05
1.80613306764931E-05
1.80613306764931E-05
1.80613306764931E-05
1.80613306764931E-05
1.80613306764931E-05
1.80613306764931E-05
1.80613306764931E-05
1.80613306764931E-05
1.80613306764931E-05
8.03149995544787E-06
8.03149995544787E-06
8.03149995544787E-06
8.03149995544787E-06
8.03149995544787E-06
8.03149995544787E-06
8.03149995544787E-06
8.03149995544787E-06
8.03149995544787E-06
8.03149995544787E-06
8.03149995544787E-06
8.03149995544787E-06
8.03149995544787E-06
8.03149995544787E-06
8.03149995544787E-06
8.03149995544787E-06
8.03149995544787E-06
8.03149995544787E-06
8.03149995544787E-06
8.03149995544787E-06
8.03149995544787E-06
8.03149995544787E-06
8.03149995544787E-06
8.03149995544787E-06
8.03149995544787E-06
8.03149995544787E-06
8.03149995544787E-06
8.03149995544787E-06
8.03149995544787E-06
8.03149995544787E-06
8.03149995544787E-06
8.03149995544787E-06
8.03149995544787E-06
8.03149995544787E-06
8.03149995544787E-06
8.03149995544787E-06
8.03149995544787E-06
8.03149995544787E-06
6.55651052191793E-06
6.55651052191793E-06
6.55651052191793E-06
6.55651052191793E-06
6.04956108149203E-06
6.04956108149203E-06
6.04956108149203E-06
6.04956108149203E-06
6.04956108149203E-06
6.04956108149203E-06
6.04956108149203E-06
6.04956108149203E-06
1.73407500587074E-06
1.73407500587074E-06
1.73407500587074E-06
1.73407500587074E-06
1.73407500587074E-06
1.73407500587074E-06
1.73407500587074E-06
1.73407500587074E-06
1.73407500587074E-06
1.73407500587074E-06
1.73407500587074E-06
1.73407500587074E-06
1.73407500587074E-06
1.73407500587074E-06
1.73407500587074E-06
1.73407500587074E-06
1.73407500587074E-06
1.73407500587074E-06
1.73407500587074E-06
1.73407500587074E-06
1.73407500587074E-06
1.73407500587074E-06
1.73407500587074E-06
1.73407500587074E-06
1.73407500587074E-06
1.73407500587074E-06
1.73407500587074E-06
1.73407500587074E-06
1.73407500587074E-06
1.73407500587074E-06
1.73407500587074E-06
1.73407500587074E-06
1.73407500587074E-06
1.73407500587074E-06
1.73407500587074E-06
1.73407500587074E-06
1.73407500587074E-06
1.73407500587074E-06
1.09824271086937E-06
1.09824271086937E-06
1.09824271086937E-06
1.09824271086937E-06
1.09824271086937E-06
1.09824271086937E-06
1.09824271086937E-06
1.09824271086937E-06
1.09824271086937E-06
1.09824271086937E-06
1.09824271086937E-06
1.09824271086937E-06
1.09824271086937E-06
1.09824271086937E-06
1.09824271086937E-06
1.09824271086937E-06
1.09824271086937E-06
1.09824271086937E-06
1.09824271086937E-06
1.09824271086937E-06
1.09824271086937E-06
1.09824271086937E-06
1.09824271086937E-06
1.09824271086937E-06
1.09824271086937E-06
1.09824271086937E-06
1.09824271086937E-06
1.09824271086937E-06
7.43290908105476E-07
7.43290908105476E-07
7.43290908105476E-07
7.43290908105476E-07
7.43290908105476E-07
7.43290908105476E-07
7.43290908105476E-07
7.43290908105476E-07
5.71801085564791E-07
5.71801085564791E-07
5.71801085564791E-07
5.71801085564791E-07
5.71801085564791E-07
5.71801085564791E-07
5.71801085564791E-07
5.71801085564791E-07
5.71801085564791E-07
5.71801085564791E-07
5.71801085564791E-07
5.71801085564791E-07
5.71801085564791E-07
5.71801085564791E-07
5.71801085564791E-07
5.71801085564791E-07
5.71801085564791E-07
3.08011857088725E-07
3.08011857088725E-07
3.08011857088725E-07
3.08011857088725E-07
3.08011857088725E-07
3.08011857088725E-07
3.08011857088725E-07
3.08011857088725E-07
3.08011857088725E-07
3.08011857088725E-07
3.08011857088725E-07
3.08011857088725E-07
3.08011857088725E-07
3.08011857088725E-07
3.08011857088725E-07
3.08011857088725E-07
3.08011857088725E-07
3.08011857088725E-07
3.08011857088725E-07
3.08011857088725E-07
3.08011857088725E-07
3.08011857088725E-07
2.3404514948676E-07
2.3404514948676E-07
2.3404514948676E-07
2.3404514948676E-07
2.3404514948676E-07
2.3404514948676E-07
2.3404514948676E-07
2.3404514948676E-07
2.3404514948676E-07
2.3404514948676E-07
2.3404514948676E-07
2.3404514948676E-07
2.3404514948676E-07
2.3404514948676E-07
2.3404514948676E-07
2.3404514948676E-07
2.3404514948676E-07
2.3404514948676E-07
2.3404514948676E-07
2.3404514948676E-07
2.3404514948676E-07
2.3404514948676E-07
2.3404514948676E-07
2.3404514948676E-07
2.3404514948676E-07
2.3404514948676E-07
2.3404514948676E-07
2.3404514948676E-07
2.3404514948676E-07
2.3404514948676E-07
2.3404514948676E-07
2.3404514948676E-07
2.3404514948676E-07
2.3404514948676E-07
2.3404514948676E-07
2.3404514948676E-07
2.3404514948676E-07
2.3404514948676E-07
2.3404514948676E-07
2.3404514948676E-07
2.3404514948676E-07
2.3404514948676E-07
2.3404514948676E-07
2.3404514948676E-07
2.3404514948676E-07
2.3404514948676E-07
2.3404514948676E-07
2.3404514948676E-07
2.3404514948676E-07
2.3404514948676E-07
2.3404514948676E-07
2.3404514948676E-07
2.3404514948676E-07
2.3404514948676E-07
2.3404514948676E-07
2.3404514948676E-07
2.3404514948676E-07
2.3404514948676E-07
2.3404514948676E-07
2.3404514948676E-07
2.3404514948676E-07
2.3404514948676E-07
2.3404514948676E-07
2.3404514948676E-07
2.3404514948676E-07
2.3404514948676E-07
2.3404514948676E-07
2.3404514948676E-07
2.3404514948676E-07
5.22726575899058E-08
5.22726575899058E-08
5.22726575899058E-08
5.22726575899058E-08
5.22726575899058E-08
5.22726575899058E-08
5.22726575899058E-08
5.22726575899058E-08
5.22726575899058E-08
5.22726575899058E-08
5.22726575899058E-08
5.22726575899058E-08
5.22726575899058E-08
5.22726575899058E-08
5.22726575899058E-08
5.22726575899058E-08
5.22726575899058E-08
5.22726575899058E-08
5.22726575899058E-08
5.22726575899058E-08
5.22726575899058E-08
5.22726575899058E-08
5.22726575899058E-08
5.22726575899058E-08
5.22726575899058E-08
5.22726575899058E-08
5.22726575899058E-08
5.22726575899058E-08
5.22726575899058E-08
5.22726575899058E-08
5.22726575899058E-08
5.22726575899058E-08
5.22726575899058E-08
5.22726575899058E-08
5.22726575899058E-08
5.22726575899058E-08
5.22726575899058E-08
5.22726575899058E-08
5.22726575899058E-08
5.22726575899058E-08
5.22726575899058E-08
5.22726575899058E-08
5.22726575899058E-08
5.22726575899058E-08
5.22726575899058E-08
5.22726575899058E-08
5.22726575899058E-08
5.22726575899058E-08
5.22726575899058E-08
5.22726575899058E-08
5.22726575899058E-08
5.22726575899058E-08
5.22726575899058E-08
5.22726575899058E-08
5.22726575899058E-08
5.22726575899058E-08
5.22726575899058E-08
5.22726575899058E-08
5.22726575899058E-08
5.22726575899058E-08
5.22726575899058E-08
5.22726575899058E-08
5.22726575899058E-08
5.22726575899058E-08
7.77425121004542E-09
7.77425121004542E-09
7.77425121004542E-09
7.77425121004542E-09
7.77425121004542E-09
7.77425121004542E-09
7.77425121004542E-09
7.77425121004542E-09
7.77425121004542E-09
7.77425121004542E-09
7.77425121004542E-09
7.77425121004542E-09
7.77425121004542E-09
7.77425121004542E-09
7.77425121004542E-09
7.77425121004542E-09
7.77425121004542E-09
7.77425121004542E-09
7.77425121004542E-09
7.77425121004542E-09
7.77425121004542E-09
7.77425121004542E-09
7.77425121004542E-09
7.77425121004542E-09
7.77425121004542E-09
7.77425121004542E-09
7.77425121004542E-09
7.77425121004542E-09
7.77425121004542E-09
7.77425121004542E-09
7.77425121004542E-09
7.77425121004542E-09
7.77425121004542E-09
7.77425121004542E-09
7.77425121004542E-09
7.77425121004542E-09
7.77425121004542E-09
7.77425121004542E-09
7.77425121004542E-09
7.77425121004542E-09
7.77425121004542E-09
7.77425121004542E-09
7.77425121004542E-09
7.77425121004542E-09
7.77425121004542E-09
7.77425121004542E-09
7.77425121004542E-09
7.77425121004542E-09
7.77425121004542E-09
7.77425121004542E-09
7.77425121004542E-09
7.77425121004542E-09
7.77425121004542E-09
7.77425121004542E-09
7.77425121004542E-09
7.77425121004542E-09
7.77425121004542E-09
7.77425121004542E-09
7.77425121004542E-09
7.77425121004542E-09
7.77425121004542E-09
7.77425121004542E-09
7.77425121004542E-09
7.77425121004542E-09
7.77425121004542E-09
7.77425121004542E-09
7.77425121004542E-09
7.77425121004542E-09
7.77425121004542E-09
7.77425121004542E-09
7.77425121004542E-09
7.77425121004542E-09
7.77425121004542E-09
7.77425121004542E-09
7.77425121004542E-09
7.77425121004542E-09
7.77425121004542E-09
7.77425121004542E-09
7.77425121004542E-09
7.77425121004542E-09
7.77425121004542E-09
7.77425121004542E-09
7.77425121004542E-09
7.77425121004542E-09
7.77425121004542E-09
7.77425121004542E-09
7.77425121004542E-09
7.77425121004542E-09
7.77425121004542E-09
7.77425121004542E-09
7.77425121004542E-09
7.77425121004542E-09
7.77425121004542E-09
7.77425121004542E-09
7.77425121004542E-09
7.77425121004542E-09
7.77425121004542E-09
7.77425121004542E-09
7.77425121004542E-09
7.77425121004542E-09
7.77425121004542E-09
7.77425121004542E-09
7.77425121004542E-09
7.77425121004542E-09
7.77425121004542E-09
7.77425121004542E-09
7.77425121004542E-09
7.77425121004542E-09
7.77425121004542E-09
7.77425121004542E-09
7.77425121004542E-09
7.77425121004542E-09
7.77425121004542E-09
7.77425121004542E-09
7.77425121004542E-09
7.77425121004542E-09
7.77425121004542E-09
7.77425121004542E-09
7.77425121004542E-09
7.77425121004542E-09
7.77425121004542E-09
7.77425121004542E-09
7.77425121004542E-09
7.77425121004542E-09

