0.1492766978149
0.1492766978149
0.1492766978149
0.106807340475114
0.106807340475114
0.0505967234217376
0.0204260730243524
0.0204260730243524
0.0204260730243524
0.00174142612697096
0.00174142612697096
0.00174142612697096
0.00174142612697096
0.00174142612697096
0.00174142612697096
0.00174142612697096
0.00174142612697096
0.00174142612697096
0.00174142612697096
0.00174142612697096
0.00174142612697096
0.00135652033306072
0.00135652033306072
0.00135652033306072
0.00135652033306072
0.00135652033306072
0.00135652033306072
0.00135652033306072
0.00135652033306072
0.00126707560816908
0.00126707560816908
0.000455935644310623
0.000455935644310623
0.000455935644310623
0.000455935644310623
0.000455935644310623
0.000455935644310623
0.000455935644310623
6.22470756684312E-05
6.22470756684312E-05
6.22470756684312E-05
6.22470756684312E-05
6.22470756684312E-05
6.22470756684312E-05
6.22470756684312E-05
6.22470756684312E-05
6.22470756684312E-05
6.22470756684312E-05
6.22470756684312E-05
6.22470756684312E-05
6.22470756684312E-05
6.22470756684312E-05
6.22470756684312E-05
6.22470756684312E-05
6.22470756684312E-05
6.22470756684312E-05
6.22470756684312E-05
6.22470756684312E-05
6.22470756684312E-05
6.22470756684312E-05
6.22470756684312E-05
5.78233707096976E-05
5.78233707096976E-05
5.78233707096976E-05
4.52785160273139E-05
4.52785160273139E-05
4.52785160273139E-05
4.52785160273139E-05
4.52785160273139E-05
4.52785160273139E-05
2.83264892838031E-05
2.83264892838031E-05
2.83264892838031E-05
2.83264892838031E-05
2.83264892838031E-05
2.83264892838031E-05
2.6938366978313E-05
2.6938366978313E-05
2.6938366978313E-05
2.6938366978313E-05
2.6938366978313E-05
2.56692196140551E-05
2.56692196140551E-05
1.06890325042297E-05
1.06890325042297E-05
1.06890325042297E-05
1.06890325042297E-05
1.06890325042297E-05
1.06890325042297E-05
1.06890325042297E-05
5.35942667323486E-06
5.35942667323486E-06
5.35942667323486E-06
5.35942667323486E-06
5.35942667323486E-06
5.35942667323486E-06
5.35942667323486E-06
5.35942667323486E-06
5.35942667323486E-06
4.72918329508243E-06
4.72918329508243E-06
4.72918329508243E-06
4.72918329508243E-06
4.72918329508243E-06
4.72918329508243E-06
4.72918329508243E-06
4.72918329508243E-06
4.72918329508243E-06
4.72918329508243E-06
4.72918329508243E-06
4.72918329508243E-06
4.72918329508243E-06
4.72918329508243E-06
4.72918329508243E-06
4.72918329508243E-06
4.72918329508243E-06
4.72918329508243E-06
4.72918329508243E-06
4.72918329508243E-06
4.72918329508243E-06
4.72918329508243E-06
4.72918329508243E-06
4.72918329508243E-06
4.72918329508243E-06
4.72918329508243E-06
4.72918329508243E-06
4.72918329508243E-06
4.72918329508243E-06
4.72918329508243E-06
1.32293944055117E-06
1.32293944055117E-06
1.32293944055117E-06
1.32293944055117E-06
1.32293944055117E-06
1.32293944055117E-06
1.32293944055117E-06
1.32293944055117E-06
1.32293944055117E-06
1.32293944055117E-06
1.32293944055117E-06
1.32293944055117E-06
1.32293944055117E-06
1.29417753269578E-06
1.29417753269578E-06
1.29417753269578E-06
1.29417753269578E-06
1.29417753269578E-06
1.29417753269578E-06
1.29417753269578E-06
1.29417753269578E-06
1.29417753269578E-06
1.18758688960607E-06
1.18758688960607E-06
1.18758688960607E-06
1.18758688960607E-06
1.18758688960607E-06
1.18758688960607E-06
1.18758688960607E-06
1.18758688960607E-06
1.18758688960607E-06
1.18758688960607E-06
1.18758688960607E-06
1.18758688960607E-06
1.18758688960607E-06
1.18758688960607E-06
1.18758688960607E-06
1.18758688960607E-06
1.18758688960607E-06
1.18758688960607E-06
1.18758688960607E-06
1.18758688960607E-06
1.18758688960607E-06
1.18758688960607E-06
1.18758688960607E-06
1.18758688960607E-06
1.18758688960607E-06
1.18758688960607E-06
1.10550061616088E-06
1.10550061616088E-06
1.10550061616088E-06
1.10550061616088E-06
1.10550061616088E-06
1.10550061616088E-06
1.10550061616088E-06
1.10550061616088E-06
9.90896649233353E-07
9.90896649233353E-07
9.90896649233353E-07
9.90896649233353E-07
9.90896649233353E-07
9.90896649233353E-07
9.90896649233353E-07
9.90896649233353E-07
9.90896649233353E-07
9.90896649233353E-07
9.90896649233353E-07
9.90896649233353E-07
9.90896649233353E-07
9.90896649233353E-07
9.90896649233353E-07
9.90896649233353E-07
9.90896649233353E-07
9.90896649233353E-07
8.28408409925263E-07
8.28408409925263E-07
8.28408409925263E-07
8.28408409925263E-07
8.28408409925263E-07
8.28408409925263E-07
8.28408409925263E-07
7.12184416218342E-07
7.12184416218342E-07
7.12184416218342E-07
2.15065837916306E-07
2.15065837916306E-07
2.15065837916306E-07
2.15065837916306E-07
2.15065837916306E-07
2.15065837916306E-07
2.15065837916306E-07
2.15065837916306E-07
2.15065837916306E-07
2.15065837916306E-07
2.15065837916306E-07
2.15065837916306E-07
2.15065837916306E-07
2.15065837916306E-07
2.15065837916306E-07
2.15065837916306E-07
2.15065837916306E-07
2.15065837916306E-07
2.15065837916306E-07
2.15065837916306E-07
2.15065837916306E-07
2.15065837916306E-07
2.15065837916306E-07
2.15065837916306E-07
2.15065837916306E-07
7.74453737251157E-08
7.74453737251157E-08
7.74453737251157E-08
7.74453737251157E-08
7.74453737251157E-08
7.74453737251157E-08
7.74453737251157E-08
7.74453737251157E-08
7.74453737251157E-08
7.74453737251157E-08
7.74453737251157E-08
7.74453737251157E-08
7.74453737251157E-08
7.74453737251157E-08
7.74453737251157E-08
7.74453737251157E-08
7.74453737251157E-08
7.74453737251157E-08
7.74453737251157E-08
7.74453737251157E-08
7.74453737251157E-08
7.74453737251157E-08
7.74453737251157E-08
7.74453737251157E-08
7.74453737251157E-08
7.74453737251157E-08
7.74453737251157E-08
7.74453737251157E-08
7.74453737251157E-08
7.74453737251157E-08
7.74453737251157E-08
7.74453737251157E-08
7.74453737251157E-08
7.74453737251157E-08
7.74453737251157E-08
7.74453737251157E-08
7.74453737251157E-08
7.74453737251157E-08
7.74453737251157E-08
7.74453737251157E-08
7.74453737251157E-08
7.74453737251157E-08
7.74453737251157E-08
7.74453737251157E-08
7.74453737251157E-08
7.74453737251157E-08
5.54553316045592E-08
5.54553316045592E-08
5.54553316045592E-08
5.54553316045592E-08
5.54553316045592E-08
5.54553316045592E-08
5.54553316045592E-08
5.54553316045592E-08
5.54553316045592E-08
5.54553316045592E-08
5.54553316045592E-08
5.54553316045592E-08
5.54553316045592E-08
5.54553316045592E-08
5.54553316045592E-08
5.54553316045592E-08
5.54553316045592E-08
5.54553316045592E-08
5.54553316045592E-08
5.54553316045592E-08
5.54553316045592E-08
5.54553316045592E-08
5.54553316045592E-08
5.54553316045592E-08
5.54553316045592E-08
5.54553316045592E-08
5.54553316045592E-08
5.54553316045592E-08
5.54553316045592E-08
5.54553316045592E-08
5.54553316045592E-08
5.54553316045592E-08
5.54553316045592E-08
5.54553316045592E-08
5.54553316045592E-08
5.54553316045592E-08
5.54553316045592E-08
5.54553316045592E-08
5.54553316045592E-08
5.54553316045592E-08
5.54553316045592E-08
5.54553316045592E-08
5.54553316045592E-08
4.38512411382597E-08
4.38512411382597E-08
4.38512411382597E-08
4.38512411382597E-08
4.38512411382597E-08
4.38512411382597E-08
4.38512411382597E-08
4.38512411382597E-08
4.38512411382597E-08
4.38512411382597E-08
4.38512411382597E-08
4.38512411382597E-08
4.38512411382597E-08
4.38512411382597E-08
4.38512411382597E-08
4.38512411382597E-08
4.38512411382597E-08
4.38512411382597E-08
4.38512411382597E-08
4.38512411382597E-08
4.38512411382597E-08
4.38512411382597E-08
4.38512411382597E-08
4.38512411382597E-08
4.38512411382597E-08
4.38512411382597E-08
4.38512411382597E-08
4.38512411382597E-08
4.38512411382597E-08
1.27898390767101E-08
1.27898390767101E-08
1.27898390767101E-08
1.27898390767101E-08
1.27898390767101E-08
1.27898390767101E-08
1.27898390767101E-08
1.27898390767101E-08
1.27898390767101E-08
1.27898390767101E-08
1.27898390767101E-08
1.27898390767101E-08
1.27898390767101E-08
1.27898390767101E-08
1.27898390767101E-08
1.27898390767101E-08
1.27898390767101E-08
1.27898390767101E-08
1.27898390767101E-08
1.27898390767101E-08
1.27898390767101E-08
1.27898390767101E-08
1.27898390767101E-08
1.27898390767101E-08
1.27898390767101E-08
1.27898390767101E-08
1.27898390767101E-08
1.27898390767101E-08
1.27898390767101E-08
1.27898390767101E-08
1.27898390767101E-08
1.27898390767101E-08
1.27898390767101E-08
1.27898390767101E-08
1.27898390767101E-08
1.27898390767101E-08
1.27898390767101E-08
1.27898390767101E-08
1.27898390767101E-08
1.27898390767101E-08
1.27898390767101E-08
1.27898390767101E-08
1.27898390767101E-08
1.27898390767101E-08
1.27898390767101E-08
1.27898390767101E-08
1.27898390767101E-08
1.27898390767101E-08
1.27898390767101E-08
1.27898390767101E-08
1.27898390767101E-08
1.27898390767101E-08
1.27898390767101E-08
1.27898390767101E-08
1.27898390767101E-08
1.27898390767101E-08
1.27898390767101E-08
1.27898390767101E-08
1.27898390767101E-08
1.27898390767101E-08
1.27898390767101E-08
1.27898390767101E-08
1.27898390767101E-08
1.27898390767101E-08
1.27898390767101E-08
1.27898390767101E-08
1.27898390767101E-08
1.27898390767101E-08
1.27898390767101E-08
1.27898390767101E-08
1.27898390767101E-08
1.27898390767101E-08
1.27898390767101E-08
1.27898390767101E-08
1.27898390767101E-08
1.27898390767101E-08
1.27898390767101E-08
1.27898390767101E-08
1.27898390767101E-08
1.27898390767101E-08
1.27898390767101E-08
1.27898390767101E-08
1.27898390767101E-08
1.27898390767101E-08
1.27898390767101E-08
1.27898390767101E-08
1.27898390767101E-08
1.27898390767101E-08
1.27898390767101E-08
1.27898390767101E-08
1.27898390767101E-08
1.27898390767101E-08
1.27898390767101E-08
1.27898390767101E-08
1.27898390767101E-08
1.27898390767101E-08
1.27898390767101E-08
1.27898390767101E-08
1.27898390767101E-08
1.27898390767101E-08
1.27898390767101E-08
1.27898390767101E-08
1.27898390767101E-08
1.27898390767101E-08
1.27898390767101E-08
1.27898390767101E-08
1.27898390767101E-08
1.27898390767101E-08
1.27898390767101E-08
1.27898390767101E-08
1.27898390767101E-08
1.27898390767101E-08
1.27898390767101E-08
1.27898390767101E-08
1.27898390767101E-08
1.13776632559848E-08
1.13776632559848E-08
1.13776632559848E-08
1.13776632559848E-08
9.46499140175305E-09
9.46499140175305E-09
9.46499140175305E-09
9.46499140175305E-09
9.46499140175305E-09
9.46499140175305E-09
9.46499140175305E-09
9.46499140175305E-09
9.46499140175305E-09
9.05254154970336E-09
9.05254154970336E-09
9.05254154970336E-09
9.05254154970336E-09
9.05254154970336E-09
6.47603193293378E-10
6.47603193293378E-10
6.47603193293378E-10
6.47603193293378E-10
6.47603193293378E-10
6.47603193293378E-10
6.47603193293378E-10
6.47603193293378E-10
6.47603193293378E-10
6.47603193293378E-10
6.47603193293378E-10

