0.140088279147129
0.114942976012854
0.114942976012854
0.088785963905409
0.031971104165891
0.031971104165891
0.031971104165891
0.031971104165891
0.031971104165891
0.031971104165891
0.023442915684916
0.0206156803005473
0.00567666692103666
0.00567666692103666
0.00567666692103666
0.00567666692103666
0.00438216872243269
0.00389801284692812
0.00389801284692812
0.00389801284692812
0.00119834852182926
0.000252200486847709
0.000252200486847709
0.000252200486847709
0.000252200486847709
0.000252200486847709
0.000252200486847709
0.000252200486847709
0.000221144148204427
0.000221144148204427
0.000221144148204427
0.000221144148204427
0.000221144148204427
0.000206230296284415
0.000196216923309733
0.000196216923309733
0.000196216923309733
0.000196216923309733
0.000196216923309733
0.000196216923309733
0.000156362606063332
0.000152418375385849
2.57897766811344E-05
2.57897766811344E-05
2.57897766811344E-05
2.57897766811344E-05
2.57897766811344E-05
2.57897766811344E-05
2.31403533564323E-05
2.31403533564323E-05
2.31403533564323E-05
2.31403533564323E-05
2.31403533564323E-05
2.31403533564323E-05
2.31403533564323E-05
2.31403533564323E-05
2.31403533564323E-05
2.31403533564323E-05
2.31403533564323E-05
2.31403533564323E-05
2.31403533564323E-05
2.31403533564323E-05
2.31403533564323E-05
2.31403533564323E-05
2.31403533564323E-05
2.31403533564323E-05
2.31403533564323E-05
2.31403533564323E-05
1.88369260570587E-05
1.88369260570587E-05
8.4396885556004E-06
8.4396885556004E-06
8.4396885556004E-06
8.31476247933893E-06
8.31476247933893E-06
8.31476247933893E-06
8.31476247933893E-06
8.31476247933893E-06
8.31476247933893E-06
8.31476247933893E-06
8.31476247933893E-06
8.31476247933893E-06
8.31476247933893E-06
7.72323030320821E-06
7.72323030320821E-06
7.72323030320821E-06
7.72323030320821E-06
7.72323030320821E-06
6.66102651189493E-06
6.66102651189493E-06
4.55476892161077E-06
4.55476892161077E-06
4.55476892161077E-06
4.55476892161077E-06
4.55476892161077E-06
4.55476892161077E-06
4.55476892161077E-06
4.55476892161077E-06
4.55476892161077E-06
4.55476892161077E-06
4.55476892161077E-06
4.55476892161077E-06
4.55476892161077E-06
4.55476892161077E-06
4.55476892161077E-06
4.55476892161077E-06
4.55476892161077E-06
4.55476892161077E-06
4.55476892161077E-06
3.54219515738552E-06
3.54219515738552E-06
3.54219515738552E-06
3.54219515738552E-06
3.54219515738552E-06
3.54219515738552E-06
3.54219515738552E-06
3.54219515738552E-06
1.31725756524759E-06
1.31725756524759E-06
1.31725756524759E-06
1.31725756524759E-06
1.31725756524759E-06
1.31725756524759E-06
1.31725756524759E-06
1.31725756524759E-06
1.31725756524759E-06
1.31725756524759E-06
1.31725756524759E-06
1.31725756524759E-06
1.31725756524759E-06
4.92764391735179E-07
4.92764391735179E-07
4.92764391735179E-07
4.92764391735179E-07
4.92764391735179E-07
4.92764391735179E-07
4.92764391735179E-07
4.92764391735179E-07
4.92764391735179E-07
4.92764391735179E-07
4.92764391735179E-07
4.92764391735179E-07
4.92764391735179E-07
4.92764391735179E-07
4.92764391735179E-07
4.92764391735179E-07
4.92764391735179E-07
4.92764391735179E-07
4.92764391735179E-07
4.92764391735179E-07
4.92764391735179E-07
4.92764391735179E-07
4.92764391735179E-07
4.92764391735179E-07
4.92764391735179E-07
4.92764391735179E-07
4.92764391735179E-07
4.92764391735179E-07
4.92764391735179E-07
4.92764391735179E-07
4.92764391735179E-07
4.92764391735179E-07
4.92764391735179E-07
4.92764391735179E-07
4.92764391735179E-07
4.92764391735179E-07
4.92764391735179E-07
4.92764391735179E-07
4.92764391735179E-07
4.92764391735179E-07
4.92764391735179E-07
4.92764391735179E-07
4.92764391735179E-07
4.92764391735179E-07
4.92764391735179E-07
4.92764391735179E-07
4.92764391735179E-07
4.92764391735179E-07
4.92764391735179E-07
4.92764391735179E-07
4.92764391735179E-07
4.92764391735179E-07
4.92764391735179E-07
4.92764391735179E-07
4.92764391735179E-07
4.92764391735179E-07
4.92764391735179E-07
4.92764391735179E-07
4.92764391735179E-07
4.92764391735179E-07
4.92764391735179E-07
4.92764391735179E-07
4.92764391735179E-07
4.92764391735179E-07
4.92764391735179E-07
4.92764391735179E-07
4.92764391735179E-07
4.92764391735179E-07
4.92764391735179E-07
4.8710309499822E-07
4.8710309499822E-07
4.8710309499822E-07
4.8710309499822E-07
3.31477817694381E-07
3.31477817694381E-07
3.31477817694381E-07
3.31477817694381E-07
3.31477817694381E-07
3.31477817694381E-07
3.31477817694381E-07
3.31477817694381E-07
2.77197306775001E-07
2.77197306775001E-07
2.77197306775001E-07
2.77197306775001E-07
2.77197306775001E-07
2.77197306775001E-07
2.71984494343291E-07
2.71984494343291E-07
2.71984494343291E-07
2.71984494343291E-07
2.71984494343291E-07
2.71984494343291E-07
2.71984494343291E-07
2.71984494343291E-07
2.71984494343291E-07
1.35616881613565E-07
1.00294248295274E-07
1.00294248295274E-07
1.00294248295274E-07
1.00294248295274E-07
1.00294248295274E-07
1.00294248295274E-07
1.00294248295274E-07
1.00294248295274E-07
1.00294248295274E-07
1.00294248295274E-07
1.00294248295274E-07
1.00294248295274E-07
1.00294248295274E-07
1.00294248295274E-07
1.00294248295274E-07
1.00294248295274E-07
1.00294248295274E-07
1.00294248295274E-07
1.00294248295274E-07
1.00294248295274E-07
1.00294248295274E-07
1.00294248295274E-07
1.00294248295274E-07
1.00294248295274E-07
1.00294248295274E-07
1.00294248295274E-07
1.00294248295274E-07
1.00294248295274E-07
1.00294248295274E-07
1.00294248295274E-07
1.00294248295274E-07
1.00294248295274E-07
1.00294248295274E-07
1.00294248295274E-07
1.00294248295274E-07
1.00294248295274E-07
1.00294248295274E-07
1.00294248295274E-07
1.00294248295274E-07
1.00294248295274E-07
1.00294248295274E-07
1.00294248295274E-07
1.00294248295274E-07
1.00294248295274E-07
1.00294248295274E-07
1.00294248295274E-07
1.00294248295274E-07
3.25828911074133E-08
3.25828911074133E-08
3.25828911074133E-08
3.25828911074133E-08
3.25828911074133E-08
3.25828911074133E-08
3.25828911074133E-08
3.25828911074133E-08
3.25828911074133E-08
3.25828911074133E-08
3.25828911074133E-08
3.25828911074133E-08
3.25828911074133E-08
3.25828911074133E-08
3.25828911074133E-08
3.25828911074133E-08
3.25828911074133E-08
3.25828911074133E-08
3.25828911074133E-08
3.25828911074133E-08
3.25828911074133E-08
3.25828911074133E-08
3.25828911074133E-08
3.25828911074133E-08
3.25828911074133E-08
3.25828911074133E-08
3.25828911074133E-08
3.25828911074133E-08
3.25828911074133E-08
3.25828911074133E-08
3.25828911074133E-08
3.25828911074133E-08
3.25828911074133E-08
3.25828911074133E-08
3.25828911074133E-08
3.25828911074133E-08
3.25828911074133E-08
3.25828911074133E-08
3.25828911074133E-08
3.25828911074133E-08
3.25828911074133E-08
3.25828911074133E-08
3.25828911074133E-08
3.25828911074133E-08
3.25828911074133E-08
3.25828911074133E-08
3.25828911074133E-08
3.25828911074133E-08
3.25828911074133E-08
3.25828911074133E-08
3.25828911074133E-08
2.65654580833274E-08
2.65654580833274E-08
2.65654580833274E-08
2.65654580833274E-08
2.65654580833274E-08
2.65654580833274E-08
2.65654580833274E-08
2.65654580833274E-08
2.65654580833274E-08
2.65654580833274E-08
2.65654580833274E-08
2.65654580833274E-08
2.65654580833274E-08
2.65654580833274E-08
2.65654580833274E-08
2.65654580833274E-08
2.65654580833274E-08
2.65654580833274E-08
2.65654580833274E-08
2.65654580833274E-08
2.65654580833274E-08
2.65654580833274E-08
2.65654580833274E-08
2.65654580833274E-08
2.65654580833274E-08
2.65654580833274E-08
2.65654580833274E-08
2.65654580833274E-08
2.65654580833274E-08
2.65654580833274E-08
2.65654580833274E-08
2.65654580833274E-08
2.65654580833274E-08
2.65654580833274E-08
2.65654580833274E-08
2.65654580833274E-08
2.65654580833274E-08
2.65654580833274E-08
2.65654580833274E-08
2.65654580833274E-08
2.65654580833274E-08
2.65654580833274E-08
2.65654580833274E-08
2.65654580833274E-08
2.65654580833274E-08
2.65654580833274E-08
2.65654580833274E-08
2.65654580833274E-08
2.65654580833274E-08
2.65654580833274E-08
2.65654580833274E-08
2.65654580833274E-08
2.65654580833274E-08
2.65654580833274E-08
2.65654580833274E-08
2.65654580833274E-08
2.65654580833274E-08
2.65654580833274E-08
2.65654580833274E-08
2.65654580833274E-08
2.65654580833274E-08
2.65654580833274E-08
2.65654580833274E-08
2.65654580833274E-08
2.65654580833274E-08
2.65654580833274E-08
2.65654580833274E-08
2.65654580833274E-08
1.43151674403263E-08
1.43151674403263E-08
1.43151674403263E-08
1.43151674403263E-08
1.43151674403263E-08
1.43151674403263E-08
1.43151674403263E-08
1.43151674403263E-08
1.43151674403263E-08
1.43151674403263E-08
1.43151674403263E-08
1.43151674403263E-08
1.43151674403263E-08
1.43151674403263E-08
1.43151674403263E-08
1.43151674403263E-08
1.43151674403263E-08
1.43151674403263E-08
1.43151674403263E-08
1.43151674403263E-08
1.43151674403263E-08
1.43151674403263E-08
1.43151674403263E-08
1.43151674403263E-08
1.43151674403263E-08
1.43151674403263E-08
1.43151674403263E-08
1.43151674403263E-08
1.43151674403263E-08
1.43151674403263E-08
1.43151674403263E-08
1.43151674403263E-08
1.43151674403263E-08
1.43151674403263E-08
1.43151674403263E-08
1.43151674403263E-08
1.43151674403263E-08
1.43151674403263E-08
8.9915138667962E-09
8.9915138667962E-09
8.9915138667962E-09
8.9915138667962E-09
8.9915138667962E-09
8.9915138667962E-09
8.9915138667962E-09
8.9915138667962E-09
8.9915138667962E-09
8.9915138667962E-09
8.9915138667962E-09
8.9915138667962E-09
8.9915138667962E-09
8.9915138667962E-09
8.9915138667962E-09
8.9915138667962E-09
8.9915138667962E-09
8.9915138667962E-09
8.9915138667962E-09
8.9915138667962E-09
8.9915138667962E-09
8.9915138667962E-09
8.9915138667962E-09
8.9915138667962E-09
8.9915138667962E-09
8.9915138667962E-09
8.9915138667962E-09
8.9915138667962E-09
8.9915138667962E-09
8.9915138667962E-09
8.9915138667962E-09
8.9915138667962E-09
8.9915138667962E-09
8.9915138667962E-09
8.9915138667962E-09
8.9915138667962E-09
8.9915138667962E-09
8.9915138667962E-09
8.9915138667962E-09
8.9915138667962E-09
8.9915138667962E-09
8.9915138667962E-09
8.9915138667962E-09
8.9915138667962E-09
8.9915138667962E-09
8.9915138667962E-09
8.9915138667962E-09
8.9915138667962E-09
8.9915138667962E-09
8.9915138667962E-09
8.9915138667962E-09
8.9915138667962E-09
8.9915138667962E-09
8.9915138667962E-09
8.9915138667962E-09
8.9915138667962E-09
8.9915138667962E-09
8.9915138667962E-09
8.9915138667962E-09
8.9915138667962E-09
8.9915138667962E-09
8.9915138667962E-09
8.9915138667962E-09
7.56886678332513E-09
7.56886678332513E-09
7.56886678332513E-09
7.56886678332513E-09
7.56886678332513E-09
7.56886678332513E-09

