0.135800887902851
0.135800887902851
0.0522146646801964
0.0473548954870934
0.0309969675174253
0.0309969675174253
0.0309969675174253
0.00358926254018654
0.00358926254018654
0.00358926254018654
0.00358926254018654
0.00358926254018654
0.00358926254018654
0.00358926254018654
0.00103088458082579
0.00103088458082579
0.00103088458082579
0.00103088458082579
0.00103088458082579
0.00103088458082579
0.00103088458082579
0.00103088458082579
0.00103088458082579
0.00103088458082579
0.000386402968854088
0.000386402968854088
0.000386402968854088
0.000386402968854088
0.000319968324156095
6.55869708336698E-05
6.55869708336698E-05
6.55869708336698E-05
6.55869708336698E-05
6.55869708336698E-05
6.55869708336698E-05
6.55869708336698E-05
6.55869708336698E-05
6.55869708336698E-05
6.55869708336698E-05
6.55869708336698E-05
6.55869708336698E-05
6.55869708336698E-05
6.55869708336698E-05
6.55869708336698E-05
6.55869708336698E-05
6.55869708336698E-05
6.55869708336698E-05
6.55869708336698E-05
6.55869708336698E-05
6.55869708336698E-05
5.68428670918997E-05
5.68428670918997E-05
4.8490543747004E-06
4.8490543747004E-06
4.8490543747004E-06
4.8490543747004E-06
4.8490543747004E-06
4.8490543747004E-06
4.8490543747004E-06
4.8490543747004E-06
4.8490543747004E-06
4.8490543747004E-06
4.8490543747004E-06
4.8490543747004E-06
4.8490543747004E-06
4.8490543747004E-06
4.8490543747004E-06
4.8490543747004E-06
4.8490543747004E-06
4.8490543747004E-06
4.8490543747004E-06
4.8490543747004E-06
4.8490543747004E-06
4.8490543747004E-06
4.8490543747004E-06
4.8490543747004E-06
4.8490543747004E-06
4.8490543747004E-06
4.8490543747004E-06
4.8490543747004E-06
4.8490543747004E-06
4.8490543747004E-06
4.8490543747004E-06
4.8490543747004E-06
4.8490543747004E-06
4.8490543747004E-06
4.8490543747004E-06
4.8490543747004E-06
4.8490543747004E-06
4.8490543747004E-06
4.8490543747004E-06
4.8490543747004E-06
4.8490543747004E-06
4.8490543747004E-06
4.8490543747004E-06
4.8490543747004E-06
4.8490543747004E-06
4.8490543747004E-06
4.8490543747004E-06
4.8490543747004E-06
4.8490543747004E-06
4.8490543747004E-06
4.8490543747004E-06
4.8490543747004E-06
4.8490543747004E-06
4.8490543747004E-06
4.8490543747004E-06
4.8490543747004E-06
2.41956715432701E-06
2.41956715432701E-06
2.41956715432701E-06
1.51106628137887E-06
1.51106628137887E-06
1.51106628137887E-06
1.51106628137887E-06
1.51106628137887E-06
1.51106628137887E-06
1.51106628137887E-06
1.51106628137887E-06
1.51106628137887E-06
1.51106628137887E-06
1.51106628137887E-06
1.51106628137887E-06
1.51106628137887E-06
1.51106628137887E-06
1.51106628137887E-06
1.51106628137887E-06
1.51106628137887E-06
1.51106628137887E-06
1.51106628137887E-06
1.51106628137887E-06
1.51106628137887E-06
1.51106628137887E-06
1.51106628137887E-06
1.51106628137887E-06
1.51106628137887E-06
1.51106628137887E-06
1.51106628137887E-06
1.51106628137887E-06
1.51106628137887E-06
1.51106628137887E-06
1.51106628137887E-06
1.51106628137887E-06
1.40499701387076E-06
1.40499701387076E-06
1.40499701387076E-06
1.40499701387076E-06
1.40499701387076E-06
5.87988466638212E-07
5.87988466638212E-07
5.87988466638212E-07
5.87988466638212E-07
5.87988466638212E-07
5.87988466638212E-07
5.87988466638212E-07
5.87988466638212E-07
5.87988466638212E-07
5.87988466638212E-07
5.87988466638212E-07
5.87988466638212E-07
5.87988466638212E-07
5.87988466638212E-07
5.87988466638212E-07
5.87988466638212E-07
5.87988466638212E-07
5.87988466638212E-07
5.87988466638212E-07
5.87988466638212E-07
5.87988466638212E-07
5.87988466638212E-07
5.87988466638212E-07
5.87988466638212E-07
5.87988466638212E-07
5.87988466638212E-07
5.87988466638212E-07
5.87988466638212E-07
5.87988466638212E-07
5.87988466638212E-07
5.87988466638212E-07
5.87988466638212E-07
5.87988466638212E-07
5.87988466638212E-07
5.87988466638212E-07
5.87988466638212E-07
5.87988466638212E-07
5.87988466638212E-07
5.87988466638212E-07
5.87988466638212E-07
5.87988466638212E-07
5.87988466638212E-07
5.87988466638212E-07
5.87988466638212E-07
5.87988466638212E-07
5.87988466638212E-07
5.87988466638212E-07
5.87988466638212E-07
5.87988466638212E-07
5.87988466638212E-07
5.87988466638212E-07
5.87988466638212E-07
5.87988466638212E-07
5.87988466638212E-07
5.87988466638212E-07
5.87988466638212E-07
5.87988466638212E-07
5.87988466638212E-07
5.87988466638212E-07
5.87988466638212E-07
5.87988466638212E-07
5.87988466638212E-07
5.87988466638212E-07
5.87988466638212E-07
5.87988466638212E-07
5.87988466638212E-07
5.87988466638212E-07
5.87988466638212E-07
5.87988466638212E-07
3.91883580586061E-07
1.3663770356831E-07
1.3663770356831E-07
1.3663770356831E-07
1.3663770356831E-07
1.3663770356831E-07
1.3663770356831E-07
1.3663770356831E-07
1.3663770356831E-07
1.3663770356831E-07
3.72450155439186E-08
3.72450155439186E-08
3.72450155439186E-08
3.72450155439186E-08
3.72450155439186E-08
3.72450155439186E-08
3.72450155439186E-08
3.72450155439186E-08
3.72450155439186E-08
3.72450155439186E-08
3.72450155439186E-08
3.72450155439186E-08
3.72450155439186E-08
3.72450155439186E-08
3.72450155439186E-08
3.72450155439186E-08
3.72450155439186E-08
3.72450155439186E-08
3.72450155439186E-08
3.72450155439186E-08
3.72450155439186E-08
3.72450155439186E-08
3.72450155439186E-08
3.72450155439186E-08
3.72450155439186E-08
3.72450155439186E-08
3.72450155439186E-08
3.72450155439186E-08
3.72450155439186E-08
3.72450155439186E-08
3.72450155439186E-08
3.72450155439186E-08
3.72450155439186E-08
3.72450155439186E-08
3.72450155439186E-08
3.72450155439186E-08
3.72450155439186E-08
3.72450155439186E-08
3.72450155439186E-08
3.72450155439186E-08
3.72450155439186E-08
3.72450155439186E-08
3.72450155439186E-08
3.72450155439186E-08
3.72450155439186E-08
3.72450155439186E-08
3.72450155439186E-08
3.72450155439186E-08
3.72450155439186E-08
3.72450155439186E-08
3.72450155439186E-08
3.72450155439186E-08
3.72450155439186E-08
3.72450155439186E-08
3.72450155439186E-08
3.72450155439186E-08
3.72450155439186E-08
3.72450155439186E-08
3.72450155439186E-08
3.72450155439186E-08
3.72450155439186E-08
3.72450155439186E-08
3.72450155439186E-08
3.72450155439186E-08
3.72450155439186E-08
3.72450155439186E-08
3.72450155439186E-08
3.72450155439186E-08
3.72450155439186E-08
3.72450155439186E-08
3.72450155439186E-08
3.72450155439186E-08
3.72450155439186E-08
3.72450155439186E-08
3.72450155439186E-08
3.72450155439186E-08
3.72450155439186E-08
3.72450155439186E-08
3.72450155439186E-08
3.72450155439186E-08
3.72450155439186E-08
3.72450155439186E-08
3.72450155439186E-08
3.72450155439186E-08
3.72450155439186E-08
3.72450155439186E-08
3.72450155439186E-08
3.72450155439186E-08
3.72450155439186E-08
3.72450155439186E-08
3.72450155439186E-08
3.72450155439186E-08
3.72450155439186E-08
3.72450155439186E-08
1.04925551580592E-08
1.04925551580592E-08
1.04925551580592E-08
1.04925551580592E-08
1.04925551580592E-08
1.04925551580592E-08
1.04925551580592E-08
1.04925551580592E-08
1.04925551580592E-08
1.04925551580592E-08
1.04925551580592E-08
1.04925551580592E-08
1.04925551580592E-08
1.04925551580592E-08
1.04925551580592E-08
1.04925551580592E-08
1.04925551580592E-08
1.04925551580592E-08
1.04925551580592E-08
1.04925551580592E-08
1.04925551580592E-08
1.04925551580592E-08
1.04925551580592E-08
1.04925551580592E-08
1.04925551580592E-08
1.04925551580592E-08
1.04925551580592E-08
1.04925551580592E-08
1.04925551580592E-08
1.04925551580592E-08
1.04925551580592E-08
1.04925551580592E-08
1.04925551580592E-08
1.04925551580592E-08
1.04925551580592E-08
1.04925551580592E-08
1.04925551580592E-08
1.04925551580592E-08
1.04925551580592E-08
1.04925551580592E-08
1.04925551580592E-08
1.04925551580592E-08
1.04925551580592E-08
1.04925551580592E-08
1.04925551580592E-08
1.04925551580592E-08
1.04925551580592E-08
1.04925551580592E-08
1.04925551580592E-08
1.04925551580592E-08
1.04925551580592E-08
1.04925551580592E-08
1.04925551580592E-08
1.04925551580592E-08
1.04925551580592E-08
1.04925551580592E-08
1.04925551580592E-08
1.04925551580592E-08
1.04925551580592E-08
1.04925551580592E-08
1.04925551580592E-08
1.04925551580592E-08
1.04925551580592E-08
1.04925551580592E-08
1.04925551580592E-08
1.04925551580592E-08
1.04925551580592E-08
9.05217414914894E-09
9.05217414914894E-09
9.05217414914894E-09
9.05217414914894E-09
9.05217414914894E-09
9.05217414914894E-09
9.05217414914894E-09
9.05217414914894E-09
9.05217414914894E-09
9.05217414914894E-09
9.05217414914894E-09
9.05217414914894E-09
9.05217414914894E-09
9.05217414914894E-09
9.05217414914894E-09
9.05217414914894E-09
9.05217414914894E-09
9.05217414914894E-09
9.05217414914894E-09
9.05217414914894E-09
9.05217414914894E-09
9.05217414914894E-09
9.05217414914894E-09
9.05217414914894E-09
9.05217414914894E-09
9.05217414914894E-09
9.05217414914894E-09
9.05217414914894E-09
9.05217414914894E-09
9.05217414914894E-09
9.05217414914894E-09
9.05217414914894E-09
9.05217414914894E-09
9.05217414914894E-09
9.05217414914894E-09
9.05217414914894E-09
9.05217414914894E-09
9.05217414914894E-09
9.05217414914894E-09
9.05217414914894E-09
9.05217414914894E-09
9.05217414914894E-09
9.05217414914894E-09
9.05217414914894E-09
9.05217414914894E-09
9.05217414914894E-09
9.05217414914894E-09
9.05217414914894E-09
9.05217414914894E-09
9.05217414914894E-09
9.05217414914894E-09
9.05217414914894E-09
9.05217414914894E-09
9.05217414914894E-09
9.05217414914894E-09
9.05217414914894E-09
9.05217414914894E-09
9.05217414914894E-09
9.05217414914894E-09
9.05217414914894E-09
9.05217414914894E-09
9.05217414914894E-09
9.05217414914894E-09
9.05217414914894E-09
9.05217414914894E-09
9.05217414914894E-09
9.05217414914894E-09
9.05217414914894E-09
9.05217414914894E-09
9.05217414914894E-09
9.05217414914894E-09
9.05217414914894E-09
9.05217414914894E-09
9.05217414914894E-09
9.05217414914894E-09
9.05217414914894E-09
9.05217414914894E-09
9.05217414914894E-09
9.05217414914894E-09
9.05217414914894E-09
9.05217414914894E-09
9.05217414914894E-09
9.05217414914894E-09
9.05217414914894E-09
9.05217414914894E-09
9.05217414914894E-09
9.05217414914894E-09
9.05217414914894E-09
9.05217414914894E-09
9.05217414914894E-09
9.05217414914894E-09
9.05217414914894E-09
9.05217414914894E-09
9.05217414914894E-09
9.05217414914894E-09
9.05217414914894E-09
9.05217414914894E-09
9.05217414914894E-09
9.05217414914894E-09
9.05217414914894E-09
5.87111517735828E-09
5.87111517735828E-09
5.87111517735828E-09
5.87111517735828E-09
3.89125057176365E-09
3.89125057176365E-09
3.89125057176365E-09
3.89125057176365E-09
3.89125057176365E-09
3.89125057176365E-09
3.89125057176365E-09
3.89125057176365E-09

