0.193572677832187
0.193572677832187
0.0421652781467329
0.0421652781467329
0.0421652781467329
0.0178491998598873
0.0178491998598873
0.0178491998598873
0.0178491998598873
0.00818638126945386
0.00758592729313348
0.00758592729313348
0.00693751256314983
0.00693751256314983
0.00365951875802067
0.00365951875802067
0.00205871534160901
0.00205871534160901
0.00205871534160901
0.00205871534160901
0.00205871534160901
0.00205871534160901
0.00205871534160901
0.00104041161090728
0.000572683889536717
0.000572683889536717
6.03483869315245E-05
6.03483869315245E-05
6.03483869315245E-05
6.03483869315245E-05
6.03483869315245E-05
5.05939629571208E-05
5.05939629571208E-05
5.05939629571208E-05
5.05939629571208E-05
5.05939629571208E-05
5.05939629571208E-05
5.05939629571208E-05
5.05409003501922E-05
5.05409003501922E-05
5.05409003501922E-05
5.05409003501922E-05
5.05409003501922E-05
5.05409003501922E-05
5.05409003501922E-05
5.05409003501922E-05
5.05409003501922E-05
5.05409003501922E-05
3.93803611841986E-05
1.39140932143874E-05
1.39140932143874E-05
1.39140932143874E-05
1.39140932143874E-05
1.39140932143874E-05
1.39140932143874E-05
1.39140932143874E-05
1.39140932143874E-05
1.39140932143874E-05
1.39140932143874E-05
1.39140932143874E-05
1.39140932143874E-05
1.39140932143874E-05
6.52996930885528E-06
6.52996930885528E-06
6.52996930885528E-06
6.52996930885528E-06
6.52996930885528E-06
6.52996930885528E-06
6.52996930885528E-06
6.52996930885528E-06
6.52996930885528E-06
6.52996930885528E-06
6.52996930885528E-06
6.52996930885528E-06
6.52996930885528E-06
6.52996930885528E-06
6.52996930885528E-06
6.52996930885528E-06
6.52996930885528E-06
6.52996930885528E-06
6.52996930885528E-06
6.52996930885528E-06
6.52996930885528E-06
6.52996930885528E-06
6.52996930885528E-06
6.52996930885528E-06
6.52996930885528E-06
6.52996930885528E-06
6.52996930885528E-06
6.52996930885528E-06
6.52996930885528E-06
6.52996930885528E-06
6.52996930885528E-06
6.52996930885528E-06
6.52996930885528E-06
6.52996930885528E-06
6.52996930885528E-06
6.52996930885528E-06
6.52996930885528E-06
6.52996930885528E-06
6.52996930885528E-06
6.52996930885528E-06
6.52996930885528E-06
6.52996930885528E-06
6.52996930885528E-06
6.52996930885528E-06
6.52996930885528E-06
6.52996930885528E-06
6.52996930885528E-06
6.52996930885528E-06
6.52996930885528E-06
6.52996930885528E-06
6.52996930885528E-06
6.52996930885528E-06
6.52996930885528E-06
6.52996930885528E-06
6.52996930885528E-06
6.52996930885528E-06
6.52996930885528E-06
6.52996930885528E-06
6.52996930885528E-06
6.52996930885528E-06
6.52996930885528E-06
6.52996930885528E-06
6.52996930885528E-06
6.52996930885528E-06
5.86925452653977E-06
3.87407383312868E-06
3.87407383312868E-06
3.87407383312868E-06
3.87407383312868E-06
3.87407383312868E-06
3.87407383312868E-06
3.87407383312868E-06
3.87407383312868E-06
3.87407383312868E-06
3.87407383312868E-06
3.87407383312868E-06
3.87407383312868E-06
3.87407383312868E-06
3.87407383312868E-06
3.87407383312868E-06
3.87407383312868E-06
3.87407383312868E-06
3.87407383312868E-06
3.87407383312868E-06
3.87407383312868E-06
3.87407383312868E-06
3.87407383312868E-06
3.87407383312868E-06
3.86142870370332E-06
3.86142870370332E-06
3.86142870370332E-06
3.86142870370332E-06
3.86142870370332E-06
3.86142870370332E-06
3.86142870370332E-06
2.48104737821405E-06
2.48104737821405E-06
2.48104737821405E-06
2.48104737821405E-06
2.48104737821405E-06
1.44090666967901E-06
1.44090666967901E-06
1.44090666967901E-06
1.44090666967901E-06
1.44090666967901E-06
1.44090666967901E-06
1.44090666967901E-06
1.44090666967901E-06
1.44090666967901E-06
1.39165962031595E-06
1.39165962031595E-06
1.39165962031595E-06
1.39165962031595E-06
1.39165962031595E-06
1.39165962031595E-06
1.39165962031595E-06
7.86212141697924E-07
7.86212141697924E-07
7.86212141697924E-07
7.86212141697924E-07
7.86212141697924E-07
7.86212141697924E-07
7.86212141697924E-07
7.86212141697924E-07
7.86212141697924E-07
7.86212141697924E-07
7.86212141697924E-07
7.86212141697924E-07
7.86212141697924E-07
7.7695848574449E-07
7.7695848574449E-07
7.7695848574449E-07
7.7695848574449E-07
7.7695848574449E-07
7.7695848574449E-07
7.7695848574449E-07
7.7695848574449E-07
7.7695848574449E-07
7.7695848574449E-07
6.50161156856468E-07
6.50161156856468E-07
6.50161156856468E-07
6.50161156856468E-07
6.50161156856468E-07
6.50161156856468E-07
6.50161156856468E-07
4.34545269206578E-07
4.34545269206578E-07
4.34545269206578E-07
4.34545269206578E-07
4.34545269206578E-07
4.34545269206578E-07
4.34545269206578E-07
4.34545269206578E-07
4.34545269206578E-07
4.34545269206578E-07
4.34545269206578E-07
4.34545269206578E-07
4.34545269206578E-07
4.34545269206578E-07
4.34545269206578E-07
4.34545269206578E-07
4.34545269206578E-07
4.34545269206578E-07
4.34545269206578E-07
4.34545269206578E-07
4.34545269206578E-07
4.34545269206578E-07
4.34545269206578E-07
4.34545269206578E-07
4.34545269206578E-07
4.34545269206578E-07
4.34545269206578E-07
4.34545269206578E-07
4.34545269206578E-07
4.34545269206578E-07
4.34545269206578E-07
4.34545269206578E-07
4.34545269206578E-07
4.34545269206578E-07
4.34545269206578E-07
4.34545269206578E-07
4.34545269206578E-07
4.34545269206578E-07
4.34545269206578E-07
2.00456112795303E-07
2.00456112795303E-07
2.00456112795303E-07
2.00456112795303E-07
2.00456112795303E-07
1.12585082343452E-07
1.12585082343452E-07
1.12585082343452E-07
1.12585082343452E-07
1.12585082343452E-07
1.12585082343452E-07
1.12585082343452E-07
1.12585082343452E-07
1.12585082343452E-07
1.12585082343452E-07
1.12585082343452E-07
1.12585082343452E-07
1.12585082343452E-07
1.12585082343452E-07
1.12585082343452E-07
1.12585082343452E-07
1.12585082343452E-07
1.12585082343452E-07
1.12585082343452E-07
1.12585082343452E-07
1.12585082343452E-07
1.12585082343452E-07
1.12585082343452E-07
1.12585082343452E-07
1.12585082343452E-07
1.12585082343452E-07
1.12585082343452E-07
1.12585082343452E-07
1.12585082343452E-07
1.12585082343452E-07
1.12585082343452E-07
1.12585082343452E-07
1.12585082343452E-07
1.12585082343452E-07
1.12585082343452E-07
1.12585082343452E-07
1.12585082343452E-07
2.46820168249103E-08
2.46820168249103E-08
2.46820168249103E-08
2.46820168249103E-08
2.46820168249103E-08
2.46820168249103E-08
2.46820168249103E-08
2.46820168249103E-08
2.46820168249103E-08
2.46820168249103E-08
2.46820168249103E-08
2.46820168249103E-08
2.46820168249103E-08
2.46820168249103E-08
2.46820168249103E-08
2.46820168249103E-08
2.46820168249103E-08
2.46820168249103E-08
2.46820168249103E-08
2.46820168249103E-08
2.46820168249103E-08
2.46820168249103E-08
2.46820168249103E-08
2.46820168249103E-08
2.46820168249103E-08
2.46820168249103E-08
2.46820168249103E-08
2.46820168249103E-08
2.46820168249103E-08
2.46820168249103E-08
2.46820168249103E-08
2.46820168249103E-08
2.46820168249103E-08
2.46820168249103E-08
2.46820168249103E-08
2.46820168249103E-08
2.46820168249103E-08
2.46820168249103E-08
2.46820168249103E-08
2.46820168249103E-08
2.46820168249103E-08
2.46820168249103E-08
2.46820168249103E-08
2.46820168249103E-08
2.46820168249103E-08
2.46820168249103E-08
2.46820168249103E-08
2.46820168249103E-08
2.46820168249103E-08
2.46820168249103E-08
2.46820168249103E-08
2.46820168249103E-08
2.46820168249103E-08
2.46820168249103E-08
2.46820168249103E-08
2.46820168249103E-08
2.46820168249103E-08
2.46820168249103E-08
2.46820168249103E-08
2.46820168249103E-08
2.46820168249103E-08
2.46820168249103E-08
2.46820168249103E-08
2.46820168249103E-08
2.46820168249103E-08
2.46820168249103E-08
2.46820168249103E-08
2.46820168249103E-08
2.46820168249103E-08
2.46820168249103E-08
2.46820168249103E-08
2.46820168249103E-08
2.46820168249103E-08
2.46820168249103E-08
2.46820168249103E-08
2.46820168249103E-08
2.46820168249103E-08
2.1688635023314E-08
2.1688635023314E-08
2.1688635023314E-08
2.1688635023314E-08
2.1688635023314E-08
2.1688635023314E-08
2.1688635023314E-08
2.1688635023314E-08
2.1688635023314E-08
2.1688635023314E-08
2.1688635023314E-08
2.1688635023314E-08
2.1688635023314E-08
2.1688635023314E-08
2.1688635023314E-08
2.1688635023314E-08
2.1688635023314E-08
2.1688635023314E-08
1.11667869097522E-09
1.11667869097522E-09
1.11667869097522E-09
1.11667869097522E-09
1.11667869097522E-09
1.11667869097522E-09
1.11667869097522E-09
1.11667869097522E-09
1.11667869097522E-09
1.11667869097522E-09
1.11667869097522E-09
1.11667869097522E-09
1.11667869097522E-09
1.11667869097522E-09
1.11667869097522E-09
1.11667869097522E-09
1.11667869097522E-09
1.11667869097522E-09
1.11667869097522E-09
1.11667869097522E-09
1.11667869097522E-09
1.11667869097522E-09
1.11667869097522E-09
1.11667869097522E-09
1.11667869097522E-09
1.11667869097522E-09
1.11667869097522E-09
1.11667869097522E-09
1.11667869097522E-09
1.11667869097522E-09
1.11667869097522E-09
1.11667869097522E-09
1.11667869097522E-09
1.11667869097522E-09
1.11667869097522E-09
1.11667869097522E-09
1.11667869097522E-09
1.11667869097522E-09
1.11667869097522E-09
1.11667869097522E-09
1.11667869097522E-09
1.11667869097522E-09
1.11667869097522E-09
1.11667869097522E-09
1.11667869097522E-09
1.11667869097522E-09
1.11667869097522E-09
1.11667869097522E-09
1.11667869097522E-09
1.11667869097522E-09
1.11667869097522E-09
1.11667869097522E-09
1.11667869097522E-09
1.11667869097522E-09
1.11667869097522E-09
1.11667869097522E-09
1.11667869097522E-09
1.11667869097522E-09
1.11667869097522E-09
1.11667869097522E-09
1.11667869097522E-09
1.11667869097522E-09
1.11667869097522E-09
1.11667869097522E-09
1.11667869097522E-09
1.11667869097522E-09
1.11667869097522E-09
1.11667869097522E-09
1.11667869097522E-09
1.11667869097522E-09
1.11667869097522E-09
1.11667869097522E-09
1.11667869097522E-09
1.11667869097522E-09
1.11667869097522E-09
1.11667869097522E-09
1.11667869097522E-09
1.11667869097522E-09
1.11667869097522E-09
1.11667869097522E-09
1.11667869097522E-09
1.11667869097522E-09
1.11667869097522E-09
1.11667869097522E-09
1.11667869097522E-09
1.11667869097522E-09
1.11667869097522E-09
1.11667869097522E-09
1.11667869097522E-09
1.11667869097522E-09
1.11667869097522E-09
1.11667869097522E-09
1.11667869097522E-09
1.11667869097522E-09
1.11667869097522E-09
1.11667869097522E-09
1.11667869097522E-09
1.11667869097522E-09
1.11667869097522E-09
1.11667869097522E-09
1.11667869097522E-09
1.11667869097522E-09
1.11667869097522E-09
1.11667869097522E-09
1.11667869097522E-09
1.11667869097522E-09
1.11667869097522E-09
1.11667869097522E-09
1.11667869097522E-09
1.11667869097522E-09
1.11667869097522E-09
1.11667869097522E-09
1.11667869097522E-09
1.11667869097522E-09
1.11667869097522E-09
1.11667869097522E-09

