0.0214554889279553
0.0214554889279553
0.00705354310707246
0.00705354310707246
0.00705354310707246
0.00705354310707246
0.00705354310707246
0.00705354310707246
0.00176446755766613
0.00176446755766613
0.00176446755766613
0.00176446755766613
0.00176446755766613
0.00176446755766613
0.00176446755766613
0.00176446755766613
0.00176446755766613
0.00176446755766613
0.00154527051473141
0.00154527051473141
0.00154527051473141
0.00124057662187715
0.00124057662187715
0.00124057662187715
0.00124057662187715
0.00124057662187715
0.000663365225125556
0.000528271329493513
0.000528271329493513
0.000511630903018312
0.000295869025655593
0.000232221383529629
0.000232221383529629
0.000232221383529629
0.000129803922885197
0.000129803922885197
0.000129803922885197
0.000129803922885197
0.000129803922885197
6.81571813146986E-05
6.81571813146986E-05
6.81571813146986E-05
6.81571813146986E-05
6.81571813146986E-05
6.81571813146986E-05
6.81571813146986E-05
6.81571813146986E-05
6.81571813146986E-05
6.81571813146986E-05
6.81571813146986E-05
6.81571813146986E-05
6.81571813146986E-05
6.81571813146986E-05
6.81571813146986E-05
5.88019511916782E-05
5.88019511916782E-05
5.88019511916782E-05
5.88019511916782E-05
5.88019511916782E-05
4.49542116331969E-05
4.49542116331969E-05
4.49542116331969E-05
4.49542116331969E-05
4.49542116331969E-05
4.49542116331969E-05
4.25925356315471E-05
4.25925356315471E-05
4.25925356315471E-05
3.662275316485E-05
2.90271777478868E-05
2.90271777478868E-05
2.90271777478868E-05
2.90271777478868E-05
2.90271777478868E-05
2.90271777478868E-05
2.90271777478868E-05
1.78515535224077E-05
1.45268463754844E-05
1.45268463754844E-05
1.45268463754844E-05
1.45268463754844E-05
1.45268463754844E-05
1.45268463754844E-05
1.45268463754844E-05
1.45268463754844E-05
1.45268463754844E-05
1.45268463754844E-05
1.45268463754844E-05
1.45268463754844E-05
1.45268463754844E-05
1.45268463754844E-05
1.45268463754844E-05
8.28248272777277E-06
8.28248272777277E-06
8.28248272777277E-06
8.28248272777277E-06
8.28248272777277E-06
8.28248272777277E-06
7.15879745860626E-06
7.15879745860626E-06
7.15879745860626E-06
7.15879745860626E-06
7.15879745860626E-06
7.15879745860626E-06
7.15879745860626E-06
4.45256559633567E-06
4.45256559633567E-06
4.45256559633567E-06
4.45256559633567E-06
4.45256559633567E-06
4.45256559633567E-06
4.45256559633567E-06
4.45256559633567E-06
4.45256559633567E-06
4.45256559633567E-06
4.45256559633567E-06
4.45256559633567E-06
4.45256559633567E-06
3.20711898327275E-06
3.20711898327275E-06
3.20711898327275E-06
3.20711898327275E-06
3.20711898327275E-06
3.20711898327275E-06
3.20711898327275E-06
3.20711898327275E-06
3.20711898327275E-06
3.20711898327275E-06
3.20711898327275E-06
3.20711898327275E-06
3.20711898327275E-06
3.20711898327275E-06
3.20711898327275E-06
2.44492540402153E-06
2.44492540402153E-06
2.44492540402153E-06
2.44492540402153E-06
2.44492540402153E-06
2.44492540402153E-06
2.44492540402153E-06
2.44492540402153E-06
8.6528128151464E-07
8.6528128151464E-07
8.6528128151464E-07
8.6528128151464E-07
8.6528128151464E-07
8.6528128151464E-07
8.6528128151464E-07
8.6528128151464E-07
8.6528128151464E-07
8.6528128151464E-07
8.6528128151464E-07
8.6528128151464E-07
8.6528128151464E-07
8.6528128151464E-07
8.6528128151464E-07
8.6528128151464E-07
8.6528128151464E-07
8.6528128151464E-07
8.6528128151464E-07
8.6528128151464E-07
8.6528128151464E-07
8.6528128151464E-07
8.6528128151464E-07
8.6528128151464E-07
8.6528128151464E-07
8.6528128151464E-07
8.6528128151464E-07
8.6528128151464E-07
8.6528128151464E-07
8.6528128151464E-07
8.6528128151464E-07
8.6528128151464E-07
8.6528128151464E-07
8.6528128151464E-07
8.6528128151464E-07
8.6528128151464E-07
8.6528128151464E-07
8.6528128151464E-07
8.6528128151464E-07
8.6528128151464E-07
8.6528128151464E-07
8.6528128151464E-07
8.6528128151464E-07
8.6528128151464E-07
8.6528128151464E-07
8.6528128151464E-07
8.6528128151464E-07
8.6528128151464E-07
8.6528128151464E-07
8.6528128151464E-07
8.6528128151464E-07
8.6528128151464E-07
8.6528128151464E-07
8.6528128151464E-07
7.08355264000815E-07
7.08355264000815E-07
7.08355264000815E-07
6.88371268542376E-07
6.88371268542376E-07
6.88371268542376E-07
6.88371268542376E-07
6.88371268542376E-07
5.20864966824242E-07
5.20864966824242E-07
5.20864966824242E-07
5.20864966824242E-07
5.20864966824242E-07
5.20864966824242E-07
5.20864966824242E-07
5.20864966824242E-07
5.20864966824242E-07
5.20864966824242E-07
5.20864966824242E-07
1.71248073166375E-07
1.71248073166375E-07
1.71248073166375E-07
1.71248073166375E-07
1.71248073166375E-07
1.71248073166375E-07
1.71248073166375E-07
1.71248073166375E-07
1.71248073166375E-07
1.71248073166375E-07
1.71248073166375E-07
1.71248073166375E-07
1.71248073166375E-07
1.71248073166375E-07
1.71248073166375E-07
1.71248073166375E-07
1.71248073166375E-07
1.71248073166375E-07
1.71248073166375E-07
1.71248073166375E-07
1.71248073166375E-07
1.71248073166375E-07
1.71248073166375E-07
1.71248073166375E-07
1.71248073166375E-07
1.71248073166375E-07
1.71248073166375E-07
1.71248073166375E-07
1.71248073166375E-07
1.71248073166375E-07
1.71248073166375E-07
1.71248073166375E-07
1.71248073166375E-07
1.71248073166375E-07
1.71248073166375E-07
1.71248073166375E-07
1.71248073166375E-07
1.71248073166375E-07
1.71248073166375E-07
1.71248073166375E-07
1.71248073166375E-07
1.71248073166375E-07
1.71248073166375E-07
1.71248073166375E-07
1.71248073166375E-07
1.71248073166375E-07
1.71248073166375E-07
1.71248073166375E-07
1.71248073166375E-07
1.71248073166375E-07
1.71248073166375E-07
1.45470955836835E-07
1.45470955836835E-07
1.45470955836835E-07
1.45470955836835E-07
1.39316911340615E-07
1.39316911340615E-07
1.39316911340615E-07
1.39316911340615E-07
1.39316911340615E-07
1.39316911340615E-07
1.39316911340615E-07
1.39316911340615E-07
1.39316911340615E-07
1.39316911340615E-07
1.39316911340615E-07
6.48081198706407E-08
6.48081198706407E-08
6.48081198706407E-08
6.48081198706407E-08
6.48081198706407E-08
6.48081198706407E-08
6.48081198706407E-08
6.48081198706407E-08
6.48081198706407E-08
6.48081198706407E-08
6.48081198706407E-08
6.48081198706407E-08
6.48081198706407E-08
6.48081198706407E-08
6.48081198706407E-08
6.48081198706407E-08
6.48081198706407E-08
6.48081198706407E-08
6.48081198706407E-08
6.48081198706407E-08
6.48081198706407E-08
6.48081198706407E-08
6.48081198706407E-08
6.48081198706407E-08
6.48081198706407E-08
6.48081198706407E-08
6.48081198706407E-08
6.48081198706407E-08
6.48081198706407E-08
6.48081198706407E-08
6.48081198706407E-08
6.48081198706407E-08
6.48081198706407E-08
6.48081198706407E-08
6.48081198706407E-08
6.48081198706407E-08
6.48081198706407E-08
6.48081198706407E-08
6.48081198706407E-08
6.48081198706407E-08
6.48081198706407E-08
4.4509777974433E-08
4.4509777974433E-08
4.4509777974433E-08
4.4509777974433E-08
4.4509777974433E-08
4.4509777974433E-08
4.4509777974433E-08
4.4509777974433E-08
4.4509777974433E-08
4.4509777974433E-08
4.4509777974433E-08
4.4509777974433E-08
4.4509777974433E-08
4.4509777974433E-08
4.4509777974433E-08
4.4509777974433E-08
4.4509777974433E-08
4.4509777974433E-08
4.11721005066923E-08
4.11721005066923E-08
4.11721005066923E-08
4.11721005066923E-08
4.11721005066923E-08
4.11721005066923E-08
4.11721005066923E-08
2.53519790716084E-08
2.53519790716084E-08
2.53519790716084E-08
7.55545925823498E-09
7.55545925823498E-09
7.55545925823498E-09
7.55545925823498E-09
7.55545925823498E-09
7.55545925823498E-09
7.55545925823498E-09
7.55545925823498E-09
7.55545925823498E-09
7.55545925823498E-09
7.55545925823498E-09
7.55545925823498E-09
7.55545925823498E-09
7.55545925823498E-09
7.55545925823498E-09
7.55545925823498E-09
7.55545925823498E-09
7.55545925823498E-09
7.55545925823498E-09
7.55545925823498E-09
7.55545925823498E-09
7.55545925823498E-09
7.55545925823498E-09
7.55545925823498E-09
7.55545925823498E-09
7.55545925823498E-09
7.55545925823498E-09
7.55545925823498E-09
7.55545925823498E-09
7.55545925823498E-09
7.55545925823498E-09
7.55545925823498E-09
7.55545925823498E-09
7.55545925823498E-09
7.55545925823498E-09
7.55545925823498E-09
7.55545925823498E-09
7.55545925823498E-09
7.55545925823498E-09
7.55545925823498E-09
7.55545925823498E-09
7.55545925823498E-09
7.55545925823498E-09
7.55545925823498E-09
7.55545925823498E-09
7.55545925823498E-09
7.55545925823498E-09
7.55545925823498E-09
7.55545925823498E-09
7.55545925823498E-09
7.55545925823498E-09
7.55545925823498E-09
7.55545925823498E-09
7.55545925823498E-09
7.55545925823498E-09
7.55545925823498E-09
7.55545925823498E-09
7.55545925823498E-09
7.55545925823498E-09
7.55545925823498E-09
7.55545925823498E-09
7.55545925823498E-09
7.55545925823498E-09
7.55545925823498E-09
7.55545925823498E-09
7.55545925823498E-09
7.55545925823498E-09
7.55545925823498E-09
7.55545925823498E-09
7.55545925823498E-09
7.55545925823498E-09
7.55545925823498E-09
7.55545925823498E-09
7.55545925823498E-09
7.55545925823498E-09
7.55545925823498E-09
7.55545925823498E-09
7.55545925823498E-09
7.55545925823498E-09
7.55545925823498E-09
7.55545925823498E-09
7.55545925823498E-09
7.55545925823498E-09
7.55545925823498E-09
7.55545925823498E-09
7.55545925823498E-09
7.55545925823498E-09
7.55545925823498E-09
7.55545925823498E-09
7.55545925823498E-09
7.55545925823498E-09
7.55545925823498E-09
7.55545925823498E-09
7.55545925823498E-09
7.55545925823498E-09
7.55545925823498E-09
7.55545925823498E-09
7.55545925823498E-09
7.55545925823498E-09
7.55545925823498E-09
7.55545925823498E-09
7.55545925823498E-09
7.55545925823498E-09
7.55545925823498E-09
7.55545925823498E-09
7.55545925823498E-09
7.55545925823498E-09
7.55545925823498E-09
7.55545925823498E-09
7.55545925823498E-09
7.55545925823498E-09
7.55545925823498E-09
7.55545925823498E-09
7.55545925823498E-09
7.55545925823498E-09
7.55545925823498E-09
7.55545925823498E-09
7.55545925823498E-09
7.55545925823498E-09
7.55545925823498E-09
7.55545925823498E-09
7.55545925823498E-09
7.55545925823498E-09
5.00209329512558E-09
5.00209329512558E-09
5.00209329512558E-09
5.00209329512558E-09
5.00209329512558E-09
5.00209329512558E-09
5.00209329512558E-09
5.00209329512558E-09
5.00209329512558E-09
5.00209329512558E-09
5.00209329512558E-09
5.00209329512558E-09
5.00209329512558E-09
5.00209329512558E-09
5.00209329512558E-09
5.00209329512558E-09
5.00209329512558E-09
5.00209329512558E-09
5.00209329512558E-09
5.00209329512558E-09
5.00209329512558E-09
5.00209329512558E-09
5.00209329512558E-09
5.00209329512558E-09
5.00209329512558E-09
5.00209329512558E-09
5.00209329512558E-09
5.00209329512558E-09

