0.130127000820466
0.059010085726135
0.0292455226839881
0.0173901386370859
0.0111984237546453
0.0111984237546453
0.0111984237546453
0.0111984237546453
0.0111984237546453
0.00257485425257381
0.00177591660400361
0.00177591660400361
0.00177591660400361
0.00177591660400361
0.00177591660400361
0.00177591660400361
0.00118870391126963
0.000842975731266571
0.000842975731266571
0.000842975731266571
0.000842975731266571
0.00047589932476777
0.00047589932476777
0.00047589932476777
0.000384528271742235
0.000368614106864618
0.000368614106864618
0.000368614106864618
0.000368614106864618
0.000368614106864618
0.000368614106864618
0.000333959988488286
0.000244082509874899
0.000244082509874899
0.000244082509874899
0.000244082509874899
0.000142187140848571
0.000142187140848571
0.000142187140848571
4.68986046368025E-05
4.68986046368025E-05
4.68986046368025E-05
4.57882641990981E-05
4.57882641990981E-05
4.57882641990981E-05
4.57882641990981E-05
4.57882641990981E-05
4.57882641990981E-05
4.57882641990981E-05
4.57882641990981E-05
4.57882641990981E-05
4.57882641990981E-05
4.57882641990981E-05
4.57882641990981E-05
4.57882641990981E-05
4.24701591371646E-05
4.24701591371646E-05
4.24701591371646E-05
3.56407245418744E-05
3.56407245418744E-05
3.56407245418744E-05
3.56407245418744E-05
3.56407245418744E-05
3.56407245418744E-05
3.56407245418744E-05
3.56407245418744E-05
2.73167802092855E-05
1.07042775595034E-05
1.07042775595034E-05
1.07042775595034E-05
1.07042775595034E-05
1.07042775595034E-05
1.07042775595034E-05
1.07042775595034E-05
1.07042775595034E-05
1.07042775595034E-05
1.07042775595034E-05
1.07042775595034E-05
1.07042775595034E-05
1.07042775595034E-05
1.07042775595034E-05
1.07042775595034E-05
1.07042775595034E-05
1.07042775595034E-05
1.07042775595034E-05
4.88135120740862E-06
4.88135120740862E-06
4.88135120740862E-06
4.88135120740862E-06
4.88135120740862E-06
4.88135120740862E-06
4.88135120740862E-06
4.88135120740862E-06
4.88135120740862E-06
4.88135120740862E-06
4.88135120740862E-06
4.88135120740862E-06
4.88135120740862E-06
4.88135120740862E-06
4.88135120740862E-06
4.88135120740862E-06
4.88135120740862E-06
4.88135120740862E-06
4.88135120740862E-06
4.88135120740862E-06
4.88135120740862E-06
4.88135120740862E-06
4.88135120740862E-06
4.88135120740862E-06
4.88135120740862E-06
4.88135120740862E-06
4.88135120740862E-06
4.88135120740862E-06
4.88135120740862E-06
4.88135120740862E-06
4.88135120740862E-06
4.88135120740862E-06
4.88135120740862E-06
3.63626245580839E-06
3.63626245580839E-06
3.63626245580839E-06
3.63626245580839E-06
3.63626245580839E-06
3.63626245580839E-06
2.46496837719157E-06
2.46496837719157E-06
2.46496837719157E-06
2.46496837719157E-06
2.46496837719157E-06
2.46496837719157E-06
2.46496837719157E-06
2.46496837719157E-06
2.46496837719157E-06
2.46496837719157E-06
2.46496837719157E-06
2.46496837719157E-06
2.46496837719157E-06
2.46496837719157E-06
2.46496837719157E-06
2.46496837719157E-06
2.46496837719157E-06
2.46496837719157E-06
2.46496837719157E-06
2.46496837719157E-06
2.46496837719157E-06
2.46496837719157E-06
2.46496837719157E-06
2.46496837719157E-06
1.61295015660423E-06
1.61295015660423E-06
1.61295015660423E-06
1.61295015660423E-06
1.61295015660423E-06
1.61295015660423E-06
1.61295015660423E-06
1.61295015660423E-06
1.61295015660423E-06
1.61295015660423E-06
1.61295015660423E-06
1.61295015660423E-06
1.61295015660423E-06
1.61295015660423E-06
1.61295015660423E-06
1.61295015660423E-06
1.61295015660423E-06
1.61295015660423E-06
1.61295015660423E-06
1.61295015660423E-06
1.61295015660423E-06
1.61295015660423E-06
1.43777766969944E-07
1.43777766969944E-07
1.43777766969944E-07
1.43777766969944E-07
1.43777766969944E-07
1.43777766969944E-07
1.43777766969944E-07
1.43777766969944E-07
1.43777766969944E-07
1.43777766969944E-07
1.43777766969944E-07
1.43777766969944E-07
1.43777766969944E-07
1.43777766969944E-07
1.43777766969944E-07
1.43777766969944E-07
1.43777766969944E-07
1.43777766969944E-07
1.43777766969944E-07
1.43777766969944E-07
1.43777766969944E-07
1.43777766969944E-07
1.43777766969944E-07
1.43777766969944E-07
1.43777766969944E-07
1.43777766969944E-07
1.43777766969944E-07
1.43777766969944E-07
1.43777766969944E-07
1.43777766969944E-07
1.43777766969944E-07
1.43777766969944E-07
1.43777766969944E-07
1.43777766969944E-07
1.43777766969944E-07
1.43777766969944E-07
1.43777766969944E-07
1.43777766969944E-07
1.43777766969944E-07
1.43777766969944E-07
1.43777766969944E-07
1.43777766969944E-07
1.43777766969944E-07
1.43777766969944E-07
1.43777766969944E-07
1.43777766969944E-07
1.43777766969944E-07
1.43777766969944E-07
1.43777766969944E-07
1.43777766969944E-07
1.43777766969944E-07
1.43777766969944E-07
1.43777766969944E-07
1.43777766969944E-07
1.43777766969944E-07
1.43777766969944E-07
1.43777766969944E-07
1.43777766969944E-07
1.43777766969944E-07
1.43777766969944E-07
1.43777766969944E-07
1.43777766969944E-07
1.43777766969944E-07
1.43777766969944E-07
1.43777766969944E-07
1.43777766969944E-07
1.43777766969944E-07
1.43777766969944E-07
1.43777766969944E-07
1.43777766969944E-07
1.43777766969944E-07
1.43777766969944E-07
1.43777766969944E-07
1.43777766969944E-07
1.43777766969944E-07
1.43777766969944E-07
1.43777766969944E-07
1.43777766969944E-07
1.43777766969944E-07
1.43777766969944E-07
1.43777766969944E-07
1.43777766969944E-07
1.43777766969944E-07
1.43777766969944E-07
1.43777766969944E-07
1.43777766969944E-07
1.43777766969944E-07
1.43777766969944E-07
1.43777766969944E-07
1.43777766969944E-07
1.43777766969944E-07
1.43777766969944E-07
1.43777766969944E-07
7.39553575046514E-08
7.39553575046514E-08
7.39553575046514E-08
7.39553575046514E-08
7.39553575046514E-08
7.39553575046514E-08
7.39553575046514E-08
7.39553575046514E-08
7.39553575046514E-08
7.39553575046514E-08
7.39553575046514E-08
7.39553575046514E-08
7.39553575046514E-08
7.39553575046514E-08
7.39553575046514E-08
7.39553575046514E-08
7.39553575046514E-08
7.39553575046514E-08
7.39553575046514E-08
7.39553575046514E-08
7.39553575046514E-08
7.39553575046514E-08
7.39553575046514E-08
7.39553575046514E-08
7.39553575046514E-08
7.39553575046514E-08
7.39553575046514E-08
7.39553575046514E-08
7.39553575046514E-08
7.39553575046514E-08
7.39553575046514E-08
7.39553575046514E-08
7.39553575046514E-08
7.39553575046514E-08
7.39553575046514E-08
7.39553575046514E-08
7.39553575046514E-08
7.39553575046514E-08
7.39553575046514E-08
7.39553575046514E-08
7.39553575046514E-08
7.39553575046514E-08
7.39553575046514E-08
7.39553575046514E-08
7.39553575046514E-08
7.39553575046514E-08
7.39553575046514E-08
7.39553575046514E-08
7.39553575046514E-08
7.39553575046514E-08
7.39553575046514E-08
7.39553575046514E-08
7.39553575046514E-08
7.39553575046514E-08
7.39553575046514E-08
7.39553575046514E-08
7.39553575046514E-08
7.39553575046514E-08
7.39553575046514E-08
7.39553575046514E-08
7.39553575046514E-08
5.21104946971107E-08
5.21104946971107E-08
5.21104946971107E-08
5.21104946971107E-08
5.21104946971107E-08
5.21104946971107E-08
5.21104946971107E-08
5.21104946971107E-08
5.21104946971107E-08
5.21104946971107E-08
5.21104946971107E-08
5.21104946971107E-08
5.21104946971107E-08
5.21104946971107E-08
4.04462515701809E-08
4.04462515701809E-08
4.04462515701809E-08
4.04462515701809E-08
4.04462515701809E-08
4.04462515701809E-08
4.04462515701809E-08
4.04462515701809E-08
4.04462515701809E-08
4.04462515701809E-08
4.04462515701809E-08
4.04462515701809E-08
4.04462515701809E-08
4.04462515701809E-08
4.04462515701809E-08
4.04462515701809E-08
4.04462515701809E-08
4.04462515701809E-08
4.04462515701809E-08
4.04462515701809E-08
4.04462515701809E-08
4.04462515701809E-08
4.04462515701809E-08
4.04462515701809E-08
4.04462515701809E-08
4.04462515701809E-08
4.04462515701809E-08
4.04462515701809E-08
4.04462515701809E-08
4.04462515701809E-08
4.04462515701809E-08
4.04462515701809E-08
4.04462515701809E-08
4.04462515701809E-08
4.04462515701809E-08
4.04462515701809E-08
4.04462515701809E-08
4.04462515701809E-08
4.04462515701809E-08
4.04462515701809E-08
4.04462515701809E-08
4.04462515701809E-08
4.04462515701809E-08
4.04462515701809E-08
4.04462515701809E-08
4.04462515701809E-08
2.49657884365817E-08
2.49657884365817E-08
2.49657884365817E-08
2.20153218433161E-08
2.20153218433161E-08
2.20153218433161E-08
4.39921388206699E-09
4.39921388206699E-09
4.39921388206699E-09
4.39921388206699E-09
4.39921388206699E-09
4.39921388206699E-09
4.39921388206699E-09
4.39921388206699E-09
4.39921388206699E-09
4.39921388206699E-09
4.39921388206699E-09
4.39921388206699E-09
4.39921388206699E-09
4.39921388206699E-09
4.39921388206699E-09
4.39921388206699E-09
4.39921388206699E-09
4.39921388206699E-09
4.39921388206699E-09
4.39921388206699E-09
4.39921388206699E-09
4.39921388206699E-09
4.39921388206699E-09
4.39921388206699E-09
4.39921388206699E-09
4.39921388206699E-09
4.39921388206699E-09
4.39921388206699E-09
4.39921388206699E-09
4.39921388206699E-09
4.39921388206699E-09
4.39921388206699E-09
4.39921388206699E-09
4.39921388206699E-09
4.39921388206699E-09
4.39921388206699E-09
4.39921388206699E-09
4.39921388206699E-09
4.39921388206699E-09
4.39921388206699E-09
4.39921388206699E-09
4.39921388206699E-09
4.39921388206699E-09
4.39921388206699E-09
3.73191205715884E-09
3.73191205715884E-09
3.73191205715884E-09
3.73191205715884E-09
3.73191205715884E-09
3.73191205715884E-09
3.73191205715884E-09
3.73191205715884E-09
3.73191205715884E-09
3.73191205715884E-09
3.73191205715884E-09
3.73191205715884E-09
3.73191205715884E-09
3.73191205715884E-09
3.73191205715884E-09
3.73191205715884E-09
3.73191205715884E-09
3.73191205715884E-09
3.73191205715884E-09
3.73191205715884E-09
3.73191205715884E-09
3.73191205715884E-09
3.73191205715884E-09
3.73191205715884E-09
3.73191205715884E-09
3.73191205715884E-09
3.73191205715884E-09
3.73191205715884E-09
3.73191205715884E-09
3.73191205715884E-09
3.73191205715884E-09
3.73191205715884E-09
3.73191205715884E-09
3.73191205715884E-09
3.73191205715884E-09
3.73191205715884E-09
3.73191205715884E-09
3.73191205715884E-09
3.73191205715884E-09
3.73191205715884E-09
3.73191205715884E-09
3.73191205715884E-09
3.73191205715884E-09
3.73191205715884E-09
3.73191205715884E-09
3.73191205715884E-09
3.73191205715884E-09
3.73191205715884E-09
3.73191205715884E-09
3.73191205715884E-09
3.73191205715884E-09
3.73191205715884E-09
3.73191205715884E-09
3.73191205715884E-09
3.73191205715884E-09
3.73191205715884E-09
3.73191205715884E-09
3.73191205715884E-09
3.73191205715884E-09
3.73191205715884E-09
3.73191205715884E-09
3.73191205715884E-09
3.73191205715884E-09
3.73191205715884E-09
3.73191205715884E-09
3.73191205715884E-09

