0.134331043490348
0.0582211908828431
0.0582211908828431
0.0582211908828431
0.0197454007624772
0.0197454007624772
0.0197454007624772
0.0146577596746595
0.0145341179516068
0.00490806239284819
0.00174774968231728
0.00174774968231728
0.00174774968231728
0.00174774968231728
0.000509347111326774
0.000509347111326774
0.000509347111326774
0.000509347111326774
0.000509347111326774
0.000509347111326774
0.000509347111326774
0.000509347111326774
0.000396561818933105
0.000396561818933105
0.000276283350985895
0.000276283350985895
0.000276283350985895
0.000276283350985895
0.000276283350985895
0.000276283350985895
0.000276283350985895
0.000276283350985895
0.000194245625600664
0.000194245625600664
0.000194245625600664
0.000194245625600664
0.000194245625600664
9.49228948176617E-05
9.49228948176617E-05
9.49228948176617E-05
9.49228948176617E-05
9.49228948176617E-05
3.02648406712569E-05
2.89744696830851E-05
2.89744696830851E-05
2.89744696830851E-05
2.89744696830851E-05
2.89744696830851E-05
2.89744696830851E-05
2.89744696830851E-05
1.22261881128627E-05
1.22261881128627E-05
1.22261881128627E-05
1.22261881128627E-05
1.22261881128627E-05
1.22261881128627E-05
1.22261881128627E-05
1.22261881128627E-05
1.22261881128627E-05
1.22261881128627E-05
1.22261881128627E-05
1.22261881128627E-05
1.22261881128627E-05
1.22261881128627E-05
1.22261881128627E-05
1.22261881128627E-05
1.22261881128627E-05
1.22261881128627E-05
1.22261881128627E-05
1.22261881128627E-05
1.22261881128627E-05
1.14389103084145E-05
1.14389103084145E-05
1.14389103084145E-05
1.14389103084145E-05
1.14389103084145E-05
1.14389103084145E-05
1.14389103084145E-05
1.14389103084145E-05
1.14389103084145E-05
7.32236125128294E-06
7.32236125128294E-06
7.32236125128294E-06
7.32236125128294E-06
7.32236125128294E-06
7.32236125128294E-06
7.32236125128294E-06
7.32236125128294E-06
7.32236125128294E-06
7.32236125128294E-06
7.32236125128294E-06
7.32236125128294E-06
7.32236125128294E-06
7.32236125128294E-06
7.32236125128294E-06
7.32236125128294E-06
7.32236125128294E-06
7.32236125128294E-06
5.64438819533608E-06
5.64438819533608E-06
5.64438819533608E-06
5.64438819533608E-06
5.64438819533608E-06
5.64438819533608E-06
5.64438819533608E-06
5.64438819533608E-06
5.64438819533608E-06
5.64438819533608E-06
5.64438819533608E-06
5.64438819533608E-06
5.64438819533608E-06
5.64438819533608E-06
5.64438819533608E-06
5.64438819533608E-06
5.64438819533608E-06
5.64438819533608E-06
5.64438819533608E-06
5.64438819533608E-06
5.64438819533608E-06
5.64438819533608E-06
5.64438819533608E-06
4.6293882915438E-06
4.6293882915438E-06
4.6293882915438E-06
4.6293882915438E-06
4.6293882915438E-06
3.73125770175564E-06
3.73125770175564E-06
3.73125770175564E-06
3.73125770175564E-06
3.73125770175564E-06
3.73125770175564E-06
3.12335974433919E-06
3.12335974433919E-06
3.12335974433919E-06
3.12335974433919E-06
3.12335974433919E-06
3.12335974433919E-06
3.12335974433919E-06
3.12335974433919E-06
3.12335974433919E-06
3.12335974433919E-06
3.12335974433919E-06
3.12335974433919E-06
3.12335974433919E-06
3.12335974433919E-06
2.44944401928127E-06
2.44944401928127E-06
2.44844678171097E-06
2.44844678171097E-06
2.44844678171097E-06
2.44844678171097E-06
2.44844678171097E-06
2.44844678171097E-06
2.44844678171097E-06
2.44844678171097E-06
2.44844678171097E-06
1.56781179111443E-06
1.56781179111443E-06
1.56781179111443E-06
1.56781179111443E-06
1.56781179111443E-06
1.56781179111443E-06
1.56781179111443E-06
1.56781179111443E-06
1.56781179111443E-06
1.56781179111443E-06
1.56781179111443E-06
1.56781179111443E-06
1.56781179111443E-06
1.56781179111443E-06
1.56781179111443E-06
1.56781179111443E-06
1.56781179111443E-06
1.56781179111443E-06
1.006414973026E-06
1.006414973026E-06
1.006414973026E-06
5.97661581891451E-07
5.97661581891451E-07
5.97661581891451E-07
5.97661581891451E-07
5.97661581891451E-07
5.97661581891451E-07
5.97661581891451E-07
5.97661581891451E-07
5.97661581891451E-07
5.97661581891451E-07
5.97661581891451E-07
5.97661581891451E-07
5.97661581891451E-07
5.97661581891451E-07
5.97661581891451E-07
5.97661581891451E-07
5.97661581891451E-07
5.97661581891451E-07
5.97661581891451E-07
5.97661581891451E-07
5.97661581891451E-07
5.97661581891451E-07
5.97661581891451E-07
5.97661581891451E-07
5.97661581891451E-07
5.97661581891451E-07
5.97661581891451E-07
5.97661581891451E-07
5.97661581891451E-07
3.89018643465189E-07
3.89018643465189E-07
3.89018643465189E-07
3.89018643465189E-07
3.89018643465189E-07
3.89018643465189E-07
3.89018643465189E-07
3.89018643465189E-07
3.89018643465189E-07
3.89018643465189E-07
3.89018643465189E-07
3.89018643465189E-07
3.89018643465189E-07
3.89018643465189E-07
3.89018643465189E-07
3.89018643465189E-07
3.89018643465189E-07
3.89018643465189E-07
3.89018643465189E-07
3.89018643465189E-07
3.89018643465189E-07
3.89018643465189E-07
3.89018643465189E-07
3.89018643465189E-07
3.89018643465189E-07
3.89018643465189E-07
3.89018643465189E-07
3.89018643465189E-07
3.89018643465189E-07
3.89018643465189E-07
3.89018643465189E-07
8.19308311750255E-08
8.19308311750255E-08
8.19308311750255E-08
8.19308311750255E-08
8.19308311750255E-08
8.19308311750255E-08
8.19308311750255E-08
8.19308311750255E-08
8.19308311750255E-08
8.19308311750255E-08
8.19308311750255E-08
8.19308311750255E-08
8.19308311750255E-08
8.19308311750255E-08
8.19308311750255E-08
8.19308311750255E-08
8.19308311750255E-08
8.19308311750255E-08
8.19308311750255E-08
8.19308311750255E-08
8.19308311750255E-08
8.19308311750255E-08
8.19308311750255E-08
8.19308311750255E-08
8.19308311750255E-08
8.19308311750255E-08
8.19308311750255E-08
8.19308311750255E-08
8.19308311750255E-08
8.19308311750255E-08
8.19308311750255E-08
8.19308311750255E-08
8.19308311750255E-08
8.19308311750255E-08
8.19308311750255E-08
8.19308311750255E-08
8.19308311750255E-08
8.19308311750255E-08
8.19308311750255E-08
8.19308311750255E-08
8.19308311750255E-08
8.19308311750255E-08
8.19308311750255E-08
8.19308311750255E-08
8.19308311750255E-08
8.19308311750255E-08
8.19308311750255E-08
8.19308311750255E-08
8.19308311750255E-08
8.19308311750255E-08
8.19308311750255E-08
8.19308311750255E-08
8.19308311750255E-08
8.19308311750255E-08
8.19308311750255E-08
8.19308311750255E-08
8.19308311750255E-08
8.19308311750255E-08
8.19308311750255E-08
8.19308311750255E-08
8.19308311750255E-08
8.19308311750255E-08
8.19308311750255E-08
8.19308311750255E-08
8.19308311750255E-08
8.19308311750255E-08
8.19308311750255E-08
8.19308311750255E-08
8.19308311750255E-08
8.19308311750255E-08
8.19308311750255E-08
8.19308311750255E-08
8.19308311750255E-08
8.19308311750255E-08
8.19308311750255E-08
8.19308311750255E-08
8.19308311750255E-08
8.19308311750255E-08
8.19308311750255E-08
8.19308311750255E-08
8.19308311750255E-08
8.19308311750255E-08
8.19308311750255E-08
8.19308311750255E-08
8.19308311750255E-08
8.19308311750255E-08
1.13503513810009E-08
1.13503513810009E-08
1.13503513810009E-08
1.13503513810009E-08
1.13503513810009E-08
1.13503513810009E-08
1.13503513810009E-08
1.13503513810009E-08
1.13503513810009E-08
1.13503513810009E-08
1.13503513810009E-08
1.13503513810009E-08
1.13503513810009E-08
1.13503513810009E-08
1.13503513810009E-08
1.13503513810009E-08
1.13503513810009E-08
1.13503513810009E-08
1.13503513810009E-08
1.13503513810009E-08
1.13503513810009E-08
1.13503513810009E-08
1.13503513810009E-08
1.13503513810009E-08
1.13503513810009E-08
1.13503513810009E-08
1.13503513810009E-08
1.13503513810009E-08
1.13503513810009E-08
1.13503513810009E-08
1.13503513810009E-08
1.13503513810009E-08
1.13503513810009E-08
1.13220147146542E-08
1.13220147146542E-08
1.13220147146542E-08
1.13220147146542E-08
1.13220147146542E-08
1.13220147146542E-08
1.13220147146542E-08
1.13220147146542E-08
1.13220147146542E-08
1.13220147146542E-08
1.13220147146542E-08
1.13220147146542E-08
1.13220147146542E-08
1.13220147146542E-08
1.13220147146542E-08
1.13220147146542E-08
1.13220147146542E-08
1.13220147146542E-08
1.13220147146542E-08
1.13220147146542E-08
1.13220147146542E-08
1.13220147146542E-08
1.13220147146542E-08
1.13220147146542E-08
1.13220147146542E-08
1.13220147146542E-08
1.13220147146542E-08
1.13220147146542E-08
1.13220147146542E-08
1.13220147146542E-08
1.13220147146542E-08
1.13220147146542E-08
1.13220147146542E-08
1.13220147146542E-08
1.13220147146542E-08
1.13220147146542E-08
1.13220147146542E-08
1.13220147146542E-08
1.13220147146542E-08
1.13220147146542E-08
1.13220147146542E-08
1.13220147146542E-08
1.13220147146542E-08
1.13220147146542E-08
1.13220147146542E-08
1.13220147146542E-08
1.13220147146542E-08
1.13220147146542E-08
1.13220147146542E-08
1.13220147146542E-08
1.13220147146542E-08
1.13220147146542E-08
1.13220147146542E-08
1.13220147146542E-08
1.13220147146542E-08
1.13220147146542E-08
1.13220147146542E-08
1.13220147146542E-08
1.13220147146542E-08
1.12370406313289E-08
1.12370406313289E-08
1.12370406313289E-08
1.12370406313289E-08
1.12370406313289E-08
1.12370406313289E-08
1.12370406313289E-08
1.12370406313289E-08
1.12370406313289E-08
1.12370406313289E-08
1.12370406313289E-08
1.12370406313289E-08
1.12370406313289E-08
1.12370406313289E-08
1.12370406313289E-08
1.12370406313289E-08
1.12370406313289E-08
1.12370406313289E-08
1.12370406313289E-08
1.03858074362861E-08
1.03858074362861E-08
1.03858074362861E-08
1.03858074362861E-08
1.03858074362861E-08
1.03858074362861E-08
1.03858074362861E-08
1.03858074362861E-08
1.03858074362861E-08
1.03858074362861E-08
1.03858074362861E-08
1.03858074362861E-08
1.03858074362861E-08
1.03858074362861E-08
1.03858074362861E-08
1.03858074362861E-08
1.03858074362861E-08
1.03858074362861E-08
1.03858074362861E-08
1.03858074362861E-08
1.03858074362861E-08
1.03858074362861E-08
9.95775112366815E-09
9.95775112366815E-09
9.95775112366815E-09
9.95775112366815E-09
9.95775112366815E-09
9.95775112366815E-09
9.95775112366815E-09
9.95775112366815E-09
9.95775112366815E-09
9.95775112366815E-09
9.95775112366815E-09
9.95775112366815E-09
9.95775112366815E-09
9.95775112366815E-09
9.95775112366815E-09
9.95775112366815E-09
9.95775112366815E-09
7.43012484871741E-09
7.43012484871741E-09
4.81894507631253E-09
4.81894507631253E-09
4.81894507631253E-09
4.81894507631253E-09
4.81894507631253E-09
4.81894507631253E-09
4.81894507631253E-09
4.81894507631253E-09
4.81894507631253E-09
4.81894507631253E-09
4.81894507631253E-09
4.81894507631253E-09
4.81894507631253E-09
4.81894507631253E-09
4.81894507631253E-09
4.81894507631253E-09
4.81894507631253E-09
4.81894507631253E-09
4.81894507631253E-09
4.81894507631253E-09
4.81894507631253E-09
4.81894507631253E-09
4.81894507631253E-09
4.81894507631253E-09

