0.0111769502058335
0.0111769502058335
0.00863835490616183
0.00863835490616183
0.00863835490616183
0.00863835490616183
0.00795287065383532
0.00795287065383532
0.00636544821592566
0.00252524001282484
0.00215734926830291
0.00215734926830291
0.00215734926830291
0.00215734926830291
0.00116074833906421
0.00116074833906421
0.00116074833906421
0.000904010843856162
0.000663673164065459
0.00038901788160195
0.00038901788160195
0.00038901788160195
0.00038901788160195
0.000318892265955273
0.000318892265955273
0.00014787533677918
0.00014787533677918
0.00014787533677918
0.00014787533677918
0.000133651085703179
0.000101624963451119
0.000101624963451119
0.000101624963451119
0.000101624963451119
0.000101624963451119
0.000101624963451119
0.000101624963451119
0.000101624963451119
7.08259029255087E-05
7.08259029255087E-05
7.08259029255087E-05
7.08259029255087E-05
7.08259029255087E-05
7.08259029255087E-05
7.08259029255087E-05
7.08259029255087E-05
7.08259029255087E-05
7.08259029255087E-05
3.6375433041802E-05
1.13020535142949E-05
1.13020535142949E-05
1.13020535142949E-05
1.13020535142949E-05
1.13020535142949E-05
1.13020535142949E-05
1.13020535142949E-05
1.13020535142949E-05
1.13020535142949E-05
1.13020535142949E-05
1.13020535142949E-05
1.13020535142949E-05
9.73153146688333E-06
9.73153146688333E-06
7.44278418407518E-06
3.48011418083161E-06
3.48011418083161E-06
3.48011418083161E-06
3.48011418083161E-06
3.48011418083161E-06
3.48011418083161E-06
3.48011418083161E-06
3.48011418083161E-06
3.48011418083161E-06
3.48011418083161E-06
3.48011418083161E-06
3.48011418083161E-06
3.48011418083161E-06
3.48011418083161E-06
3.48011418083161E-06
3.48011418083161E-06
3.48011418083161E-06
3.48011418083161E-06
3.48011418083161E-06
3.48011418083161E-06
3.48011418083161E-06
3.48011418083161E-06
3.48011418083161E-06
2.54207129068984E-06
2.54207129068984E-06
2.54207129068984E-06
2.54207129068984E-06
2.54207129068984E-06
2.54207129068984E-06
2.54207129068984E-06
2.54207129068984E-06
2.54207129068984E-06
2.54207129068984E-06
2.54207129068984E-06
2.54207129068984E-06
2.54207129068984E-06
2.54207129068984E-06
2.54207129068984E-06
2.54207129068984E-06
2.54207129068984E-06
2.54207129068984E-06
2.54207129068984E-06
2.54207129068984E-06
2.54207129068984E-06
2.54207129068984E-06
2.54207129068984E-06
2.54207129068984E-06
2.54207129068984E-06
2.54207129068984E-06
2.54207129068984E-06
2.54207129068984E-06
2.54207129068984E-06
2.54207129068984E-06
2.22750285683304E-06
2.22750285683304E-06
2.22750285683304E-06
2.22750285683304E-06
2.22750285683304E-06
2.22750285683304E-06
2.22750285683304E-06
2.22750285683304E-06
2.22750285683304E-06
1.99897596731002E-06
1.99897596731002E-06
1.99897596731002E-06
1.99897596731002E-06
1.99897596731002E-06
1.99897596731002E-06
1.99897596731002E-06
1.99897596731002E-06
1.99897596731002E-06
1.99897596731002E-06
1.99897596731002E-06
1.99897596731002E-06
1.99897596731002E-06
1.99897596731002E-06
1.99897596731002E-06
1.99897596731002E-06
1.99897596731002E-06
1.99897596731002E-06
1.99897596731002E-06
1.99897596731002E-06
1.99897596731002E-06
1.99897596731002E-06
1.99897596731002E-06
1.99897596731002E-06
1.99897596731002E-06
1.99897596731002E-06
1.99897596731002E-06
1.10624044125096E-06
1.10624044125096E-06
1.10624044125096E-06
1.10624044125096E-06
1.10624044125096E-06
1.10624044125096E-06
1.10624044125096E-06
1.10624044125096E-06
5.36062655820402E-07
5.36062655820402E-07
5.36062655820402E-07
5.36062655820402E-07
5.36062655820402E-07
5.36062655820402E-07
2.42149450935258E-07
2.42149450935258E-07
2.42149450935258E-07
2.42149450935258E-07
2.42149450935258E-07
2.42149450935258E-07
2.42149450935258E-07
2.42149450935258E-07
2.42149450935258E-07
2.42149450935258E-07
2.42149450935258E-07
2.42149450935258E-07
2.42149450935258E-07
2.42149450935258E-07
2.42149450935258E-07
2.42149450935258E-07
2.42149450935258E-07
1.59092044316189E-07
1.59092044316189E-07
1.59092044316189E-07
1.59092044316189E-07
1.59092044316189E-07
1.59092044316189E-07
1.59092044316189E-07
1.59092044316189E-07
1.59092044316189E-07
1.59092044316189E-07
1.59092044316189E-07
1.59092044316189E-07
1.59092044316189E-07
1.59092044316189E-07
1.59092044316189E-07
1.59092044316189E-07
1.59092044316189E-07
1.59092044316189E-07
1.59092044316189E-07
1.59092044316189E-07
1.59092044316189E-07
1.59092044316189E-07
1.59092044316189E-07
1.59092044316189E-07
1.59092044316189E-07
1.59092044316189E-07
1.59092044316189E-07
1.59092044316189E-07
1.59092044316189E-07
1.59092044316189E-07
1.59092044316189E-07
1.59092044316189E-07
1.59092044316189E-07
1.59092044316189E-07
1.59092044316189E-07
1.59092044316189E-07
1.59092044316189E-07
1.59092044316189E-07
1.59092044316189E-07
1.59092044316189E-07
1.59092044316189E-07
1.59092044316189E-07
1.59092044316189E-07
1.59092044316189E-07
1.59092044316189E-07
1.59092044316189E-07
1.59092044316189E-07
1.59092044316189E-07
1.59092044316189E-07
1.59092044316189E-07
1.59092044316189E-07
1.59092044316189E-07
1.59092044316189E-07
1.59092044316189E-07
1.59092044316189E-07
1.59092044316189E-07
1.59092044316189E-07
1.59092044316189E-07
1.59092044316189E-07
1.59092044316189E-07
1.59092044316189E-07
1.59092044316189E-07
1.59092044316189E-07
1.59092044316189E-07
1.59092044316189E-07
1.59092044316189E-07
1.59092044316189E-07
1.59092044316189E-07
1.59092044316189E-07
1.16706755148854E-07
1.16706755148854E-07
1.16706755148854E-07
1.16706755148854E-07
1.16706755148854E-07
1.16706755148854E-07
1.16706755148854E-07
1.16706755148854E-07
1.16706755148854E-07
1.16706755148854E-07
1.16706755148854E-07
1.16706755148854E-07
1.16706755148854E-07
1.16706755148854E-07
1.16706755148854E-07
1.16706755148854E-07
1.16706755148854E-07
1.16706755148854E-07
4.00390908206205E-08
4.00390908206205E-08
4.00390908206205E-08
4.00390908206205E-08
4.00390908206205E-08
4.00390908206205E-08
4.00390908206205E-08
4.00390908206205E-08
4.00390908206205E-08
4.00390908206205E-08
4.00390908206205E-08
4.00390908206205E-08
4.00390908206205E-08
4.00390908206205E-08
4.00390908206205E-08
4.00390908206205E-08
4.00390908206205E-08
4.00390908206205E-08
4.00390908206205E-08
4.00390908206205E-08
4.00390908206205E-08
4.00390908206205E-08
4.00390908206205E-08
3.86319608525199E-08
3.86319608525199E-08
3.86319608525199E-08
3.86319608525199E-08
3.86319608525199E-08
3.86319608525199E-08
3.86319608525199E-08
3.86319608525199E-08
3.86319608525199E-08
3.86319608525199E-08
3.86319608525199E-08
3.86319608525199E-08
3.86319608525199E-08
3.86319608525199E-08
3.86319608525199E-08
3.86319608525199E-08
3.86319608525199E-08
3.86319608525199E-08
3.86319608525199E-08
3.86319608525199E-08
3.86319608525199E-08
3.86319608525199E-08
3.86319608525199E-08
3.86319608525199E-08
3.86319608525199E-08
3.86319608525199E-08
3.86319608525199E-08
3.86319608525199E-08
3.86319608525199E-08
3.86319608525199E-08
3.86319608525199E-08
3.86319608525199E-08
3.86319608525199E-08
3.86319608525199E-08
3.86319608525199E-08
3.86319608525199E-08
1.01299373334029E-08
1.01299373334029E-08
1.01299373334029E-08
1.01299373334029E-08
1.01299373334029E-08
1.01299373334029E-08
1.01299373334029E-08
1.01299373334029E-08
1.01299373334029E-08
1.01299373334029E-08
1.01299373334029E-08
1.01299373334029E-08
1.01299373334029E-08
1.01299373334029E-08
1.01299373334029E-08
1.01299373334029E-08
1.01299373334029E-08
1.01299373334029E-08
1.01299373334029E-08
1.01299373334029E-08
1.01299373334029E-08
1.01299373334029E-08
1.01299373334029E-08
1.01299373334029E-08
1.01299373334029E-08
1.01299373334029E-08
1.01299373334029E-08
1.01299373334029E-08
9.41518107921979E-09
9.41518107921979E-09
9.41518107921979E-09
9.41518107921979E-09
9.41518107921979E-09
9.41518107921979E-09
9.41518107921979E-09
9.41518107921979E-09
9.41518107921979E-09
9.41518107921979E-09
9.41518107921979E-09
9.41518107921979E-09
9.41518107921979E-09
9.41518107921979E-09
9.41518107921979E-09
9.41518107921979E-09
9.41518107921979E-09
9.41518107921979E-09
9.41518107921979E-09
9.41518107921979E-09
9.41518107921979E-09
9.41518107921979E-09
9.41518107921979E-09
9.41518107921979E-09
9.41518107921979E-09
9.41518107921979E-09
9.41518107921979E-09
9.41518107921979E-09
9.41518107921979E-09
9.41518107921979E-09
9.41518107921979E-09
9.41518107921979E-09
9.41518107921979E-09
9.41518107921979E-09
9.41518107921979E-09
9.41518107921979E-09
9.41518107921979E-09
9.41518107921979E-09
9.41518107921979E-09
9.41518107921979E-09
9.41518107921979E-09
9.41518107921979E-09
9.41518107921979E-09
9.41518107921979E-09
9.41518107921979E-09
9.41518107921979E-09
9.41518107921979E-09
9.41518107921979E-09
9.41518107921979E-09
9.41518107921979E-09
9.41518107921979E-09
9.41518107921979E-09
9.41518107921979E-09
9.41518107921979E-09
9.41518107921979E-09
9.41518107921979E-09
9.41518107921979E-09
9.41518107921979E-09
9.41518107921979E-09
9.41518107921979E-09
9.41518107921979E-09
9.41518107921979E-09
9.41518107921979E-09
9.41518107921979E-09
1.3127825493342E-09
1.3127825493342E-09
1.3127825493342E-09
1.3127825493342E-09
1.3127825493342E-09
1.3127825493342E-09
1.3127825493342E-09
1.3127825493342E-09
1.3127825493342E-09
1.3127825493342E-09
1.3127825493342E-09
1.3127825493342E-09
1.3127825493342E-09
1.3127825493342E-09
1.3127825493342E-09
1.3127825493342E-09
1.3127825493342E-09
1.3127825493342E-09
1.3127825493342E-09
1.3127825493342E-09
1.3127825493342E-09
1.3127825493342E-09
1.3127825493342E-09
1.3127825493342E-09
1.3127825493342E-09
1.3127825493342E-09
1.3127825493342E-09
1.3127825493342E-09
1.3127825493342E-09
1.3127825493342E-09
1.3127825493342E-09
1.3127825493342E-09
1.3127825493342E-09
1.3127825493342E-09
1.3127825493342E-09
1.3127825493342E-09
1.3127825493342E-09
1.3127825493342E-09
1.3127825493342E-09
1.3127825493342E-09
1.3127825493342E-09
1.3127825493342E-09
1.3127825493342E-09
1.3127825493342E-09
1.3127825493342E-09
1.3127825493342E-09
1.3127825493342E-09
1.3127825493342E-09
1.3127825493342E-09
1.3127825493342E-09
1.3127825493342E-09
1.3127825493342E-09
1.3127825493342E-09
1.3127825493342E-09
1.3127825493342E-09
1.3127825493342E-09
1.3127825493342E-09
1.3127825493342E-09
1.3127825493342E-09
1.3127825493342E-09
1.3127825493342E-09
1.3127825493342E-09
1.3127825493342E-09
1.3127825493342E-09
1.3127825493342E-09
1.3127825493342E-09
1.3127825493342E-09
1.3127825493342E-09
1.3127825493342E-09
1.3127825493342E-09
1.3127825493342E-09
1.3127825493342E-09
1.3127825493342E-09
1.3127825493342E-09
1.3127825493342E-09
1.3127825493342E-09
1.3127825493342E-09
1.3127825493342E-09

