0.163819593717823
0.0638291180371524
0.0638291180371524
0.0236762019942563
0.0192565310139014
0.00567626996099091
0.00567626996099091
0.00567626996099091
0.00419593209770447
0.00419593209770447
0.00338986091606194
0.00338986091606194
0.00338986091606194
0.00338986091606194
0.00338986091606194
0.00337449237970708
0.00337449237970708
0.00337449237970708
0.00105466160691892
0.00105466160691892
0.00105466160691892
0.000614529172653622
0.000614529172653622
0.000269265786213666
0.000269265786213666
0.000269265786213666
0.000268675869891796
0.000227996677704201
0.000227996677704201
0.000215249177891227
1.90065665535307E-05
1.90065665535307E-05
1.90065665535307E-05
1.90065665535307E-05
1.90065665535307E-05
1.90065665535307E-05
1.90065665535307E-05
1.90065665535307E-05
1.90065665535307E-05
1.90065665535307E-05
1.90065665535307E-05
1.90065665535307E-05
1.90065665535307E-05
1.90065665535307E-05
1.90065665535307E-05
1.90065665535307E-05
1.90065665535307E-05
1.90065665535307E-05
1.90065665535307E-05
1.90065665535307E-05
1.90065665535307E-05
1.90065665535307E-05
1.90065665535307E-05
1.90065665535307E-05
1.90065665535307E-05
1.90065665535307E-05
1.90065665535307E-05
1.90065665535307E-05
1.90065665535307E-05
1.90065665535307E-05
1.90065665535307E-05
1.90065665535307E-05
1.90065665535307E-05
1.90065665535307E-05
1.60534648266347E-05
1.60534648266347E-05
1.60534648266347E-05
1.60534648266347E-05
1.60534648266347E-05
1.60534648266347E-05
1.60534648266347E-05
1.29612087602749E-05
1.29612087602749E-05
1.29612087602749E-05
1.29612087602749E-05
1.29612087602749E-05
1.29612087602749E-05
1.29612087602749E-05
1.29612087602749E-05
1.29612087602749E-05
1.29612087602749E-05
1.29612087602749E-05
1.29612087602749E-05
1.29612087602749E-05
1.29612087602749E-05
9.34813192038129E-06
5.95642098924615E-06
5.95642098924615E-06
5.95642098924615E-06
5.95642098924615E-06
5.95642098924615E-06
5.95642098924615E-06
5.95642098924615E-06
5.95642098924615E-06
5.95642098924615E-06
5.95642098924615E-06
5.95642098924615E-06
5.95642098924615E-06
5.95642098924615E-06
5.95642098924615E-06
4.42026590420917E-06
4.42026590420917E-06
4.42026590420917E-06
4.42026590420917E-06
4.42026590420917E-06
4.42026590420917E-06
4.42026590420917E-06
4.42026590420917E-06
4.42026590420917E-06
4.42026590420917E-06
4.42026590420917E-06
4.42026590420917E-06
4.42026590420917E-06
4.42026590420917E-06
4.42026590420917E-06
3.5161056942203E-06
3.5161056942203E-06
3.5161056942203E-06
3.5161056942203E-06
3.5161056942203E-06
3.5161056942203E-06
3.5161056942203E-06
3.5161056942203E-06
3.5161056942203E-06
3.5161056942203E-06
3.5161056942203E-06
3.5161056942203E-06
3.5161056942203E-06
3.49208273842826E-06
3.49208273842826E-06
3.49208273842826E-06
3.49208273842826E-06
3.49208273842826E-06
3.49208273842826E-06
3.25280763737662E-06
3.25280763737662E-06
3.25280763737662E-06
5.68090094859037E-07
5.68090094859037E-07
5.68090094859037E-07
5.68090094859037E-07
5.68090094859037E-07
5.68090094859037E-07
5.68090094859037E-07
5.68090094859037E-07
5.68090094859037E-07
5.68090094859037E-07
5.68090094859037E-07
5.68090094859037E-07
5.68090094859037E-07
5.68090094859037E-07
5.68090094859037E-07
5.68090094859037E-07
5.68090094859037E-07
5.68090094859037E-07
5.68090094859037E-07
5.68090094859037E-07
5.68090094859037E-07
5.68090094859037E-07
5.68090094859037E-07
5.68090094859037E-07
5.68090094859037E-07
5.68090094859037E-07
5.68090094859037E-07
5.68090094859037E-07
5.68090094859037E-07
5.68090094859037E-07
5.68090094859037E-07
5.68090094859037E-07
5.68090094859037E-07
5.68090094859037E-07
5.68090094859037E-07
5.68090094859037E-07
5.68090094859037E-07
5.68090094859037E-07
5.68090094859037E-07
5.68090094859037E-07
5.68090094859037E-07
5.68090094859037E-07
5.68090094859037E-07
5.68090094859037E-07
5.68090094859037E-07
5.68090094859037E-07
5.68090094859037E-07
5.68090094859037E-07
5.68090094859037E-07
5.68090094859037E-07
5.68090094859037E-07
5.68090094859037E-07
5.68090094859037E-07
5.68090094859037E-07
5.68090094859037E-07
5.68090094859037E-07
5.68090094859037E-07
5.68090094859037E-07
5.68090094859037E-07
5.68090094859037E-07
5.68090094859037E-07
5.68090094859037E-07
5.68090094859037E-07
4.50820915906927E-07
4.50820915906927E-07
4.50820915906927E-07
4.50820915906927E-07
4.50820915906927E-07
4.50820915906927E-07
4.50820915906927E-07
4.50820915906927E-07
4.50820915906927E-07
4.50820915906927E-07
4.50820915906927E-07
4.50820915906927E-07
4.50820915906927E-07
4.50820915906927E-07
4.50820915906927E-07
4.50820915906927E-07
4.50820915906927E-07
4.50820915906927E-07
4.50820915906927E-07
4.50820915906927E-07
4.50820915906927E-07
3.89774714353571E-07
3.89774714353571E-07
3.89774714353571E-07
3.89774714353571E-07
3.89774714353571E-07
3.89774714353571E-07
3.89774714353571E-07
3.89774714353571E-07
3.89774714353571E-07
2.91146600040688E-07
2.91146600040688E-07
2.91146600040688E-07
2.91146600040688E-07
2.91146600040688E-07
2.91146600040688E-07
2.91146600040688E-07
2.91146600040688E-07
2.91146600040688E-07
2.91146600040688E-07
2.91146600040688E-07
2.91146600040688E-07
2.91146600040688E-07
1.81309581058316E-07
1.81309581058316E-07
1.81309581058316E-07
1.81309581058316E-07
1.81309581058316E-07
1.81309581058316E-07
1.81309581058316E-07
1.81309581058316E-07
1.81309581058316E-07
1.81309581058316E-07
1.81309581058316E-07
1.81309581058316E-07
1.81309581058316E-07
1.81309581058316E-07
1.81309581058316E-07
1.81309581058316E-07
1.81309581058316E-07
1.81309581058316E-07
1.81309581058316E-07
1.81309581058316E-07
1.81309581058316E-07
1.81309581058316E-07
1.81309581058316E-07
1.81309581058316E-07
1.81309581058316E-07
1.81309581058316E-07
1.81309581058316E-07
1.81309581058316E-07
1.81309581058316E-07
1.81309581058316E-07
1.70674968191535E-07
1.70674968191535E-07
5.4622303750484E-08
5.4622303750484E-08
5.4622303750484E-08
5.4622303750484E-08
5.4622303750484E-08
5.4622303750484E-08
5.4622303750484E-08
5.4622303750484E-08
5.4622303750484E-08
5.4622303750484E-08
5.4622303750484E-08
5.4622303750484E-08
5.4622303750484E-08
5.4622303750484E-08
5.4622303750484E-08
5.4622303750484E-08
5.4622303750484E-08
5.4622303750484E-08
5.4622303750484E-08
5.4622303750484E-08
5.4622303750484E-08
5.4622303750484E-08
5.4622303750484E-08
5.4622303750484E-08
5.4622303750484E-08
5.4622303750484E-08
5.4622303750484E-08
5.4622303750484E-08
5.4622303750484E-08
5.4622303750484E-08
5.4622303750484E-08
5.4622303750484E-08
5.4622303750484E-08
5.4622303750484E-08
5.4622303750484E-08
5.4622303750484E-08
3.81856168089348E-08
3.81856168089348E-08
3.81856168089348E-08
3.81856168089348E-08
3.81856168089348E-08
3.81856168089348E-08
3.81856168089348E-08
3.81856168089348E-08
3.81856168089348E-08
3.81856168089348E-08
3.81856168089348E-08
3.81856168089348E-08
3.81856168089348E-08
3.81856168089348E-08
3.81856168089348E-08
3.81856168089348E-08
3.81856168089348E-08
3.81856168089348E-08
3.81856168089348E-08
3.81856168089348E-08
3.81856168089348E-08
3.81856168089348E-08
3.81856168089348E-08
3.81856168089348E-08
3.81856168089348E-08
3.81856168089348E-08
3.81856168089348E-08
3.81856168089348E-08
3.81856168089348E-08
3.81856168089348E-08
3.81856168089348E-08
3.81856168089348E-08
3.81856168089348E-08
3.81856168089348E-08
3.81856168089348E-08
3.81856168089348E-08
3.81856168089348E-08
3.81856168089348E-08
3.81856168089348E-08
3.81856168089348E-08
3.81856168089348E-08
3.81856168089348E-08
3.81856168089348E-08
3.81856168089348E-08
3.81856168089348E-08
3.81856168089348E-08
3.81856168089348E-08
3.81856168089348E-08
3.81856168089348E-08
3.81856168089348E-08
3.81856168089348E-08
3.81856168089348E-08
3.81856168089348E-08
3.81856168089348E-08
3.81856168089348E-08
3.81856168089348E-08
3.81856168089348E-08
3.81856168089348E-08
3.81856168089348E-08
3.81856168089348E-08
3.81856168089348E-08
3.81856168089348E-08
3.81856168089348E-08
3.81856168089348E-08
3.81856168089348E-08
3.81856168089348E-08
3.81856168089348E-08
3.81856168089348E-08
1.57517550676155E-08
1.57517550676155E-08
1.57517550676155E-08
1.57517550676155E-08
1.57517550676155E-08
1.57517550676155E-08
1.57517550676155E-08
1.57517550676155E-08
1.57517550676155E-08
1.57517550676155E-08
1.57517550676155E-08
1.57517550676155E-08
1.57517550676155E-08
1.57517550676155E-08
1.57517550676155E-08
1.57517550676155E-08
1.57517550676155E-08
1.57517550676155E-08
1.57517550676155E-08
1.57517550676155E-08
1.57517550676155E-08
1.57517550676155E-08
1.57517550676155E-08
1.57517550676155E-08
1.57517550676155E-08
1.57517550676155E-08
1.57517550676155E-08
1.57517550676155E-08
1.57517550676155E-08
1.57517550676155E-08
1.57517550676155E-08
1.57517550676155E-08
1.57517550676155E-08
1.57517550676155E-08
1.57517550676155E-08
1.57517550676155E-08
1.57517550676155E-08
1.57517550676155E-08
1.57517550676155E-08
1.57517550676155E-08
1.57517550676155E-08
1.57517550676155E-08
1.57517550676155E-08
1.57517550676155E-08
1.57517550676155E-08
1.57517550676155E-08
1.57517550676155E-08
1.57517550676155E-08
1.57517550676155E-08
1.57517550676155E-08
1.57517550676155E-08
1.57517550676155E-08
1.27248408934276E-08
1.27248408934276E-08
1.21660967880993E-08
1.21660967880993E-08
1.21660967880993E-08
1.21660967880993E-08
1.21660967880993E-08
1.21660967880993E-08
1.21660967880993E-08
1.21660967880993E-08
4.49015677999654E-09
4.49015677999654E-09
4.49015677999654E-09
4.49015677999654E-09
4.49015677999654E-09
4.49015677999654E-09
4.49015677999654E-09
4.49015677999654E-09
4.49015677999654E-09
4.49015677999654E-09
4.49015677999654E-09
4.49015677999654E-09
4.49015677999654E-09
4.49015677999654E-09
4.49015677999654E-09
4.49015677999654E-09
4.49015677999654E-09
4.49015677999654E-09
4.49015677999654E-09
4.49015677999654E-09
4.49015677999654E-09
4.49015677999654E-09
4.49015677999654E-09
4.49015677999654E-09
4.49015677999654E-09
4.49015677999654E-09
4.49015677999654E-09
4.49015677999654E-09
4.49015677999654E-09
4.49015677999654E-09
4.49015677999654E-09
4.49015677999654E-09
4.49015677999654E-09
4.49015677999654E-09
4.49015677999654E-09
4.49015677999654E-09
4.49015677999654E-09
4.49015677999654E-09
4.49015677999654E-09
4.49015677999654E-09
4.49015677999654E-09
4.49015677999654E-09
4.49015677999654E-09
4.49015677999654E-09
4.49015677999654E-09
4.49015677999654E-09
4.49015677999654E-09
4.49015677999654E-09
4.49015677999654E-09
4.49015677999654E-09
4.49015677999654E-09
4.49015677999654E-09
4.49015677999654E-09
4.49015677999654E-09
4.49015677999654E-09
4.49015677999654E-09
4.49015677999654E-09
4.49015677999654E-09
4.49015677999654E-09

