0.0684600825922566
0.0684600825922566
0.0684600825922566
0.0496992931400913
0.0495867825400064
0.0123774898873437
0.0123774898873437
0.0123774898873437
0.0123774898873437
0.00343348110743746
0.00343348110743746
0.00343348110743746
0.0030075925245141
0.00193104233491526
0.000720822350501638
0.000637345703303316
0.000637345703303316
0.000637345703303316
0.000637345703303316
0.000637345703303316
0.000637345703303316
0.000637345703303316
0.000419057415344537
0.000419057415344537
0.000290715478690196
0.000237630591898186
0.000237630591898186
0.000237630591898186
0.000237630591898186
0.000237630591898186
0.000106308357650242
0.000106308357650242
0.000106308357650242
0.000106308357650242
0.000106308357650242
0.000106308357650242
9.49139286667844E-05
9.49139286667844E-05
9.49139286667844E-05
4.62670731775638E-05
4.62670731775638E-05
4.62670731775638E-05
4.62670731775638E-05
4.62670731775638E-05
4.37521919248729E-05
4.37521919248729E-05
4.37521919248729E-05
4.37521919248729E-05
4.37521919248729E-05
4.37521919248729E-05
4.37521919248729E-05
4.27713583696088E-05
4.27713583696088E-05
4.27713583696088E-05
4.27713583696088E-05
4.27713583696088E-05
4.27713583696088E-05
4.27713583696088E-05
4.27713583696088E-05
4.27713583696088E-05
3.36786657600952E-05
3.36786657600952E-05
3.22192320145742E-05
1.67554069514519E-05
1.67554069514519E-05
1.67554069514519E-05
1.67554069514519E-05
1.67554069514519E-05
1.67554069514519E-05
1.67554069514519E-05
1.42304395132076E-05
1.42304395132076E-05
1.42304395132076E-05
1.42304395132076E-05
1.42304395132076E-05
1.42304395132076E-05
1.42304395132076E-05
1.42304395132076E-05
4.92596584666938E-06
4.92596584666938E-06
4.92596584666938E-06
4.92596584666938E-06
4.92596584666938E-06
4.92596584666938E-06
4.92596584666938E-06
4.92596584666938E-06
4.92596584666938E-06
4.92596584666938E-06
4.92596584666938E-06
4.92596584666938E-06
4.92596584666938E-06
4.83084095515007E-06
4.48161457644591E-06
4.48161457644591E-06
4.48161457644591E-06
4.48161457644591E-06
4.48161457644591E-06
4.48161457644591E-06
4.48161457644591E-06
4.48161457644591E-06
4.48161457644591E-06
4.48161457644591E-06
4.48161457644591E-06
4.48161457644591E-06
4.48161457644591E-06
4.48161457644591E-06
4.48161457644591E-06
4.48161457644591E-06
1.63702898792195E-06
1.63702898792195E-06
1.63702898792195E-06
1.63702898792195E-06
1.63702898792195E-06
1.63702898792195E-06
1.63702898792195E-06
1.63702898792195E-06
1.2421368041915E-06
1.2421368041915E-06
1.2421368041915E-06
1.2421368041915E-06
1.2421368041915E-06
1.2421368041915E-06
1.2421368041915E-06
1.2421368041915E-06
1.2421368041915E-06
1.2421368041915E-06
1.2421368041915E-06
1.2421368041915E-06
1.2421368041915E-06
1.2421368041915E-06
1.2421368041915E-06
1.2421368041915E-06
1.2421368041915E-06
1.2421368041915E-06
1.2421368041915E-06
1.2421368041915E-06
1.2421368041915E-06
1.2421368041915E-06
1.2421368041915E-06
1.2421368041915E-06
1.2421368041915E-06
1.2421368041915E-06
1.2421368041915E-06
1.2421368041915E-06
1.2421368041915E-06
1.2421368041915E-06
1.2421368041915E-06
6.63958707347589E-07
6.63958707347589E-07
6.63958707347589E-07
6.63958707347589E-07
6.63958707347589E-07
6.63958707347589E-07
6.63958707347589E-07
6.63958707347589E-07
6.63958707347589E-07
6.63958707347589E-07
6.63958707347589E-07
6.63958707347589E-07
6.63958707347589E-07
6.63958707347589E-07
6.63958707347589E-07
6.63958707347589E-07
6.63958707347589E-07
6.63958707347589E-07
6.63958707347589E-07
6.63958707347589E-07
6.63958707347589E-07
6.63958707347589E-07
6.63958707347589E-07
6.63958707347589E-07
6.63958707347589E-07
6.63958707347589E-07
6.63958707347589E-07
6.63958707347589E-07
6.63958707347589E-07
6.63958707347589E-07
6.63958707347589E-07
6.63958707347589E-07
6.63958707347589E-07
6.63958707347589E-07
6.63958707347589E-07
6.63958707347589E-07
6.63958707347589E-07
6.63958707347589E-07
6.63958707347589E-07
6.63958707347589E-07
6.63958707347589E-07
6.63958707347589E-07
6.63958707347589E-07
6.63958707347589E-07
6.63958707347589E-07
6.63958707347589E-07
6.63958707347589E-07
6.63958707347589E-07
6.63958707347589E-07
6.63958707347589E-07
6.63958707347589E-07
6.63958707347589E-07
6.63958707347589E-07
6.63958707347589E-07
6.63958707347589E-07
6.63958707347589E-07
6.63958707347589E-07
6.63958707347589E-07
6.63958707347589E-07
4.0068076456734E-07
4.0068076456734E-07
4.0068076456734E-07
4.0068076456734E-07
4.0068076456734E-07
4.0068076456734E-07
4.0068076456734E-07
4.0068076456734E-07
4.0068076456734E-07
4.0068076456734E-07
4.0068076456734E-07
4.0068076456734E-07
4.0068076456734E-07
4.0068076456734E-07
4.0068076456734E-07
4.0068076456734E-07
4.0068076456734E-07
4.0068076456734E-07
4.0068076456734E-07
4.0068076456734E-07
2.24824182604166E-07
2.24824182604166E-07
1.4344907517394E-07
1.4344907517394E-07
1.4344907517394E-07
1.4344907517394E-07
1.4344907517394E-07
1.4344907517394E-07
1.4344907517394E-07
1.4344907517394E-07
1.4344907517394E-07
1.4344907517394E-07
1.4344907517394E-07
1.4344907517394E-07
1.4344907517394E-07
1.4344907517394E-07
1.4344907517394E-07
1.4344907517394E-07
1.4344907517394E-07
1.4344907517394E-07
1.4344907517394E-07
1.4344907517394E-07
1.4344907517394E-07
1.4344907517394E-07
1.4344907517394E-07
1.4344907517394E-07
1.4344907517394E-07
1.4344907517394E-07
1.4344907517394E-07
1.4344907517394E-07
1.4344907517394E-07
1.4344907517394E-07
1.4344907517394E-07
1.4344907517394E-07
1.4344907517394E-07
1.4344907517394E-07
1.4344907517394E-07
1.4344907517394E-07
1.4344907517394E-07
1.4344907517394E-07
1.4344907517394E-07
1.4344907517394E-07
1.4344907517394E-07
1.4344907517394E-07
1.4344907517394E-07
1.4344907517394E-07
1.4344907517394E-07
1.4344907517394E-07
1.4344907517394E-07
1.4344907517394E-07
1.4344907517394E-07
1.4344907517394E-07
1.4344907517394E-07
1.4344907517394E-07
1.05785699200389E-07
1.05785699200389E-07
1.05785699200389E-07
1.05785699200389E-07
1.05785699200389E-07
1.05785699200389E-07
1.05785699200389E-07
1.05785699200389E-07
1.05785699200389E-07
1.05785699200389E-07
1.05785699200389E-07
1.05785699200389E-07
1.05785699200389E-07
1.05785699200389E-07
1.05785699200389E-07
1.05785699200389E-07
1.05785699200389E-07
1.05785699200389E-07
1.05785699200389E-07
1.05785699200389E-07
1.05785699200389E-07
1.05785699200389E-07
1.05785699200389E-07
1.05785699200389E-07
1.05785699200389E-07
1.05785699200389E-07
1.05785699200389E-07
1.05785699200389E-07
1.05785699200389E-07
1.05785699200389E-07
9.06113070131553E-08
9.06113070131553E-08
9.06113070131553E-08
9.06113070131553E-08
9.06113070131553E-08
9.06113070131553E-08
9.06113070131553E-08
9.06113070131553E-08
9.06113070131553E-08
9.06113070131553E-08
9.06113070131553E-08
9.06113070131553E-08
9.06113070131553E-08
9.06113070131553E-08
9.06113070131553E-08
9.06113070131553E-08
9.06113070131553E-08
9.06113070131553E-08
9.06113070131553E-08
9.06113070131553E-08
9.06113070131553E-08
2.26969655292564E-08
2.26969655292564E-08
2.26969655292564E-08
2.26969655292564E-08
2.26969655292564E-08
2.26969655292564E-08
2.26969655292564E-08
2.26969655292564E-08
2.26969655292564E-08
2.26969655292564E-08
2.26969655292564E-08
2.26969655292564E-08
2.26969655292564E-08
2.26969655292564E-08
2.26969655292564E-08
2.26969655292564E-08
2.26969655292564E-08
2.26969655292564E-08
2.26969655292564E-08
2.26969655292564E-08
2.26969655292564E-08
2.26969655292564E-08
2.26969655292564E-08
2.26969655292564E-08
2.26969655292564E-08
2.26969655292564E-08
2.26969655292564E-08
2.26969655292564E-08
2.26969655292564E-08
2.26969655292564E-08
2.26969655292564E-08
2.26969655292564E-08
2.26969655292564E-08
2.26969655292564E-08
2.26969655292564E-08
2.26969655292564E-08
2.26969655292564E-08
2.26969655292564E-08
2.26969655292564E-08
2.26969655292564E-08
2.26969655292564E-08
2.26969655292564E-08
2.26969655292564E-08
2.26969655292564E-08
2.26969655292564E-08
2.26969655292564E-08
2.26969655292564E-08
2.26969655292564E-08
2.26969655292564E-08
2.26969655292564E-08
2.26969655292564E-08
2.26969655292564E-08
2.26969655292564E-08
2.26969655292564E-08
2.26969655292564E-08
2.26969655292564E-08
2.26969655292564E-08
2.26969655292564E-08
2.26969655292564E-08
2.26969655292564E-08
2.26969655292564E-08
2.26969655292564E-08
2.26969655292564E-08
2.26969655292564E-08
2.26969655292564E-08
2.26969655292564E-08
2.26969655292564E-08
2.26969655292564E-08
2.10902256769785E-08
2.10902256769785E-08
2.10902256769785E-08
2.10902256769785E-08
2.10902256769785E-08
2.10902256769785E-08
2.10902256769785E-08
2.10902256769785E-08
2.10902256769785E-08
2.10902256769785E-08
2.10902256769785E-08
2.10902256769785E-08
2.10902256769785E-08
2.10902256769785E-08
2.10902256769785E-08
2.10902256769785E-08
2.10902256769785E-08
2.10902256769785E-08
2.10902256769785E-08
2.10902256769785E-08
2.10902256769785E-08
2.10902256769785E-08
2.10902256769785E-08
2.10902256769785E-08
2.10902256769785E-08
2.10902256769785E-08
2.10902256769785E-08
2.10902256769785E-08
2.10902256769785E-08
1.61044417801293E-08
1.61044417801293E-08
1.61044417801293E-08
1.61044417801293E-08
1.61044417801293E-08
1.61044417801293E-08
1.61044417801293E-08
1.61044417801293E-08
1.61044417801293E-08
1.61044417801293E-08
1.61044417801293E-08
1.61044417801293E-08
1.61044417801293E-08
1.61044417801293E-08
1.61044417801293E-08
1.61044417801293E-08
1.61044417801293E-08
1.61044417801293E-08
1.61044417801293E-08
1.61044417801293E-08
1.61044417801293E-08
3.65777819144597E-09
3.65777819144597E-09
3.65777819144597E-09
3.65777819144597E-09
3.09395742359442E-09
3.09395742359442E-09
3.09395742359442E-09
3.09395742359442E-09
3.09395742359442E-09
3.09395742359442E-09
3.09395742359442E-09
3.09395742359442E-09
3.09395742359442E-09
3.09395742359442E-09
3.09395742359442E-09
3.09395742359442E-09
3.09395742359442E-09
3.09395742359442E-09
3.09395742359442E-09
3.09395742359442E-09
3.09395742359442E-09
3.09395742359442E-09
3.09395742359442E-09
3.09395742359442E-09
3.09395742359442E-09
3.09395742359442E-09
3.09395742359442E-09
3.09395742359442E-09
3.09395742359442E-09
3.09395742359442E-09
3.09395742359442E-09
3.09395742359442E-09
3.09395742359442E-09
3.09395742359442E-09
3.09395742359442E-09
3.09395742359442E-09
3.09395742359442E-09
3.09395742359442E-09
3.09395742359442E-09
3.09395742359442E-09
3.09395742359442E-09
3.09395742359442E-09
3.09395742359442E-09
3.09395742359442E-09
3.09395742359442E-09
3.09395742359442E-09
3.09395742359442E-09
3.09395742359442E-09
3.09395742359442E-09
3.09395742359442E-09
3.09395742359442E-09

