0.0864449499473199
0.0497773409576743
0.0497773409576743
0.0497773409576743
0.0497773409576743
0.0449654640418365
0.0411299750646252
0.0386426227767297
0.00817749968699477
0.00817749968699477
0.00817749968699477
0.00817749968699477
0.00817749968699477
0.00817749968699477
0.00817022502913178
0.00582065844940494
0.00443280984894212
0.00117510603857918
0.00117510603857918
0.00117510603857918
0.00117510603857918
0.00110570082694228
0.00110570082694228
0.00110570082694228
0.000674688115297362
0.000525016305994219
0.000525016305994219
0.000525016305994219
0.000525016305994219
0.000277527616450501
0.000157516269113867
0.000157516269113867
0.000120781247750057
0.000120781247750057
0.000120781247750057
4.03622733756714E-05
4.03622733756714E-05
4.03622733756714E-05
4.03622733756714E-05
4.03622733756714E-05
4.03622733756714E-05
4.03622733756714E-05
4.03622733756714E-05
4.03622733756714E-05
4.03622733756714E-05
4.03622733756714E-05
4.03622733756714E-05
4.03622733756714E-05
9.32940724551745E-06
7.33674502595427E-06
7.33674502595427E-06
7.33674502595427E-06
7.33674502595427E-06
7.33674502595427E-06
7.33674502595427E-06
7.33674502595427E-06
7.33674502595427E-06
7.33674502595427E-06
7.33674502595427E-06
7.33674502595427E-06
6.95831989327989E-06
6.95831989327989E-06
6.95831989327989E-06
6.95831989327989E-06
6.95831989327989E-06
6.95831989327989E-06
6.95831989327989E-06
6.95831989327989E-06
6.95831989327989E-06
6.95831989327989E-06
6.95831989327989E-06
6.95831989327989E-06
5.09594993092222E-06
5.09594993092222E-06
5.09594993092222E-06
5.09594993092222E-06
5.09594993092222E-06
5.09594993092222E-06
5.09594993092222E-06
5.09594993092222E-06
5.09594993092222E-06
5.09594993092222E-06
2.94690672586473E-06
2.94690672586473E-06
2.94690672586473E-06
2.94690672586473E-06
2.94690672586473E-06
2.94690672586473E-06
2.94690672586473E-06
2.94690672586473E-06
2.94690672586473E-06
2.94690672586473E-06
2.94690672586473E-06
2.94690672586473E-06
2.94690672586473E-06
2.94690672586473E-06
1.73757465615765E-06
1.73757465615765E-06
1.73757465615765E-06
1.73757465615765E-06
1.73757465615765E-06
1.73757465615765E-06
1.73757465615765E-06
1.73757465615765E-06
1.63358099536381E-06
1.63358099536381E-06
1.63358099536381E-06
1.63358099536381E-06
1.63358099536381E-06
1.63358099536381E-06
1.63358099536381E-06
1.63358099536381E-06
1.63358099536381E-06
1.63358099536381E-06
1.63358099536381E-06
1.63358099536381E-06
1.63358099536381E-06
1.63358099536381E-06
1.63358099536381E-06
1.63358099536381E-06
1.63358099536381E-06
1.63358099536381E-06
1.63358099536381E-06
1.63358099536381E-06
1.63358099536381E-06
1.63358099536381E-06
1.17281488010157E-06
1.17281488010157E-06
1.17281488010157E-06
1.17281488010157E-06
1.17281488010157E-06
1.17281488010157E-06
1.17281488010157E-06
1.17281488010157E-06
1.17281488010157E-06
1.17281488010157E-06
1.17281488010157E-06
1.17281488010157E-06
1.17281488010157E-06
1.17281488010157E-06
1.17281488010157E-06
1.17281488010157E-06
1.17281488010157E-06
1.17281488010157E-06
1.17281488010157E-06
1.17281488010157E-06
1.17281488010157E-06
1.17281488010157E-06
1.17281488010157E-06
1.17281488010157E-06
1.15220301322161E-06
1.15220301322161E-06
1.15220301322161E-06
1.15220301322161E-06
1.15220301322161E-06
1.15220301322161E-06
1.15220301322161E-06
1.15220301322161E-06
1.15220301322161E-06
1.15220301322161E-06
1.15220301322161E-06
1.15220301322161E-06
1.15220301322161E-06
1.15220301322161E-06
9.02759064391745E-07
9.02759064391745E-07
9.02759064391745E-07
9.02759064391745E-07
9.02759064391745E-07
9.02759064391745E-07
9.02759064391745E-07
9.02759064391745E-07
9.02759064391745E-07
9.02759064391745E-07
9.02759064391745E-07
9.02759064391745E-07
8.18636020416541E-07
8.18636020416541E-07
8.18636020416541E-07
8.18636020416541E-07
8.18636020416541E-07
8.18636020416541E-07
8.18636020416541E-07
8.18636020416541E-07
8.18636020416541E-07
1.25570882469894E-07
1.25570882469894E-07
1.25570882469894E-07
1.25570882469894E-07
1.25570882469894E-07
1.25570882469894E-07
1.25570882469894E-07
1.25570882469894E-07
1.25570882469894E-07
1.25570882469894E-07
1.25570882469894E-07
1.25570882469894E-07
1.25570882469894E-07
1.25570882469894E-07
1.25570882469894E-07
1.25570882469894E-07
1.25570882469894E-07
1.25570882469894E-07
1.25570882469894E-07
1.25570882469894E-07
1.25570882469894E-07
1.25570882469894E-07
1.25570882469894E-07
1.25570882469894E-07
1.25570882469894E-07
1.25570882469894E-07
1.25570882469894E-07
1.25570882469894E-07
1.25570882469894E-07
1.25570882469894E-07
1.25570882469894E-07
1.25570882469894E-07
1.25570882469894E-07
1.25570882469894E-07
1.25570882469894E-07
1.25570882469894E-07
7.65138480351979E-08
7.65138480351979E-08
7.65138480351979E-08
7.65138480351979E-08
7.65138480351979E-08
7.65138480351979E-08
7.65138480351979E-08
7.65138480351979E-08
7.65138480351979E-08
7.65138480351979E-08
7.65138480351979E-08
7.65138480351979E-08
7.19147401628817E-08
7.19147401628817E-08
7.19147401628817E-08
7.19147401628817E-08
7.19147401628817E-08
7.19147401628817E-08
7.19147401628817E-08
7.19147401628817E-08
7.19147401628817E-08
7.19147401628817E-08
7.19147401628817E-08
7.19147401628817E-08
7.19147401628817E-08
7.19147401628817E-08
7.19147401628817E-08
7.19147401628817E-08
7.19147401628817E-08
7.19147401628817E-08
7.19147401628817E-08
7.19147401628817E-08
7.19147401628817E-08
7.19147401628817E-08
7.15159371722507E-08
7.15159371722507E-08
7.15159371722507E-08
7.15159371722507E-08
7.15159371722507E-08
7.15159371722507E-08
7.15159371722507E-08
7.15159371722507E-08
3.84626496208185E-08
3.84626496208185E-08
3.84626496208185E-08
3.84626496208185E-08
3.84626496208185E-08
3.84626496208185E-08
3.84626496208185E-08
3.84626496208185E-08
3.84626496208185E-08
3.84626496208185E-08
3.84626496208185E-08
3.84626496208185E-08
3.84626496208185E-08
3.84626496208185E-08
3.84626496208185E-08
3.84626496208185E-08
3.84626496208185E-08
3.84626496208185E-08
3.84626496208185E-08
3.84626496208185E-08
3.84626496208185E-08
3.84626496208185E-08
3.84626496208185E-08
3.84626496208185E-08
3.84626496208185E-08
3.84626496208185E-08
3.84626496208185E-08
3.84626496208185E-08
3.84626496208185E-08
3.84626496208185E-08
3.84626496208185E-08
3.84626496208185E-08
3.84626496208185E-08
3.84626496208185E-08
3.84626496208185E-08
3.84626496208185E-08
3.84626496208185E-08
3.84626496208185E-08
3.84626496208185E-08
3.84626496208185E-08
3.84626496208185E-08
3.84626496208185E-08
3.84626496208185E-08
5.28333488070132E-09
5.28333488070132E-09
5.28333488070132E-09
5.28333488070132E-09
5.28333488070132E-09
5.28333488070132E-09
5.28333488070132E-09
5.28333488070132E-09
5.28333488070132E-09
5.28333488070132E-09
5.28333488070132E-09
5.28333488070132E-09
5.28333488070132E-09
5.28333488070132E-09
5.28333488070132E-09
5.28333488070132E-09
5.28333488070132E-09
5.28333488070132E-09
5.28333488070132E-09
5.28333488070132E-09
5.28333488070132E-09
5.28333488070132E-09
5.28333488070132E-09
5.28333488070132E-09
5.28333488070132E-09
5.28333488070132E-09
5.28333488070132E-09
5.28333488070132E-09
5.28333488070132E-09
5.28333488070132E-09
5.28333488070132E-09
5.28333488070132E-09
5.28333488070132E-09
5.28333488070132E-09
5.28333488070132E-09
5.28333488070132E-09
5.28333488070132E-09
5.28333488070132E-09
5.28333488070132E-09
5.28333488070132E-09
5.28333488070132E-09
5.28333488070132E-09
5.28333488070132E-09
5.28333488070132E-09
5.28333488070132E-09
5.28333488070132E-09
5.28333488070132E-09
5.28333488070132E-09
5.28333488070132E-09
5.28333488070132E-09
5.28333488070132E-09
5.28333488070132E-09
5.28333488070132E-09
5.28333488070132E-09
5.28333488070132E-09
5.28333488070132E-09
5.28333488070132E-09
5.28333488070132E-09
5.28333488070132E-09
5.28333488070132E-09
5.28333488070132E-09
5.28333488070132E-09
5.28333488070132E-09
5.28333488070132E-09
5.28333488070132E-09
5.28333488070132E-09
5.28333488070132E-09
5.28333488070132E-09
5.28333488070132E-09
5.28333488070132E-09
5.28333488070132E-09
5.28333488070132E-09
5.28333488070132E-09
5.28333488070132E-09
5.28333488070132E-09
5.28333488070132E-09
5.28333488070132E-09
5.28333488070132E-09
5.28333488070132E-09
5.28333488070132E-09
5.28333488070132E-09
5.28333488070132E-09
5.28333488070132E-09
5.28333488070132E-09
5.28333488070132E-09
5.28333488070132E-09
5.28333488070132E-09
5.28333488070132E-09
5.28333488070132E-09
5.28333488070132E-09
5.28333488070132E-09
5.28333488070132E-09
5.28333488070132E-09
5.28333488070132E-09
5.28333488070132E-09
5.28333488070132E-09
5.28333488070132E-09
5.28333488070132E-09
5.28333488070132E-09
5.28333488070132E-09
5.28333488070132E-09
5.28333488070132E-09
5.28333488070132E-09
5.28333488070132E-09
5.28333488070132E-09
5.28333488070132E-09
5.28333488070132E-09
5.28333488070132E-09
5.28333488070132E-09
5.28333488070132E-09
5.28333488070132E-09
5.28333488070132E-09
5.28333488070132E-09
5.28333488070132E-09
5.28333488070132E-09
5.28333488070132E-09
5.28333488070132E-09
5.28333488070132E-09
5.28333488070132E-09
5.28333488070132E-09
5.28333488070132E-09
5.28333488070132E-09
5.28333488070132E-09
5.28333488070132E-09
5.28333488070132E-09
5.28333488070132E-09
5.28333488070132E-09
5.28333488070132E-09
5.28333488070132E-09
5.28333488070132E-09
5.28333488070132E-09
5.28333488070132E-09
5.28333488070132E-09
5.28333488070132E-09
5.28333488070132E-09
5.28333488070132E-09
5.28333488070132E-09
5.28333488070132E-09
5.28333488070132E-09
5.28333488070132E-09
5.1548105783894E-09
5.1548105783894E-09
5.1548105783894E-09
5.1548105783894E-09
5.1548105783894E-09
5.1548105783894E-09
5.1548105783894E-09
5.1548105783894E-09
5.1548105783894E-09
5.1548105783894E-09
5.1548105783894E-09
5.1548105783894E-09
5.1548105783894E-09
5.1548105783894E-09
5.1548105783894E-09
5.1548105783894E-09
5.1548105783894E-09
5.1548105783894E-09
5.1548105783894E-09
5.1548105783894E-09
5.1548105783894E-09
5.1548105783894E-09
5.1548105783894E-09
5.1548105783894E-09
5.1548105783894E-09
3.0586686516898E-09
3.0586686516898E-09
3.0586686516898E-09
3.0586686516898E-09
3.0586686516898E-09
3.0586686516898E-09
3.0586686516898E-09
3.0586686516898E-09
3.0586686516898E-09
3.0586686516898E-09
3.0586686516898E-09
3.0586686516898E-09
3.0586686516898E-09
3.0586686516898E-09
3.0586686516898E-09
3.0586686516898E-09
3.0586686516898E-09
1.87853832489537E-09
1.87853832489537E-09
1.87853832489537E-09
1.87853832489537E-09
1.87853832489537E-09
1.87853832489537E-09
1.87853832489537E-09
1.87853832489537E-09
1.87853832489537E-09
1.87853832489537E-09
1.87853832489537E-09
1.87853832489537E-09

