0.136428954910448
0.0151881523071402
0.0151881523071402
0.00490577527027403
0.00490577527027403
0.00490577527027403
0.00490577527027403
0.00490577527027403
0.00490577527027403
0.00490577527027403
0.00490577527027403
0.00490577527027403
0.00490577527027403
0.00285568377958646
0.00285568377958646
0.00285568377958646
0.00285568377958646
0.00126305462771402
0.00116923282058135
0.00116923282058135
0.000739589696873155
0.000739589696873155
0.000739589696873155
0.000739589696873155
0.000739589696873155
0.000739589696873155
0.000577349972667424
0.000577349972667424
0.000577349972667424
0.000577349972667424
0.000577349972667424
0.000577349972667424
0.000577349972667424
0.000577349972667424
0.000577349972667424
0.000577349972667424
0.000577349972667424
0.000577349972667424
0.000577349972667424
0.000577349972667424
0.000577349972667424
0.000531938892926964
0.000329158858205753
0.000329158858205753
0.000324623245431616
0.000216354344466457
0.000216354344466457
0.000216354344466457
0.000216354344466457
0.000216354344466457
0.000216354344466457
0.000216354344466457
0.000216354344466457
0.000216354344466457
0.000216354344466457
0.000216354344466457
0.000216354344466457
0.000216354344466457
9.27071569727378E-05
9.27071569727378E-05
9.27071569727378E-05
9.27071569727378E-05
9.27071569727378E-05
8.06405599141358E-05
8.06405599141358E-05
8.06405599141358E-05
8.06405599141358E-05
8.06405599141358E-05
3.76055563067468E-05
3.76055563067468E-05
3.76055563067468E-05
3.76055563067468E-05
3.76055563067468E-05
3.76055563067468E-05
1.20544828262348E-05
1.20544828262348E-05
1.20544828262348E-05
4.53580551221244E-06
4.53580551221244E-06
4.53580551221244E-06
4.53580551221244E-06
4.53580551221244E-06
4.53580551221244E-06
4.53580551221244E-06
4.53580551221244E-06
4.53580551221244E-06
4.53580551221244E-06
4.53580551221244E-06
4.53580551221244E-06
4.53580551221244E-06
4.53580551221244E-06
4.53580551221244E-06
4.53580551221244E-06
4.53580551221244E-06
4.53580551221244E-06
4.53580551221244E-06
4.53580551221244E-06
4.53580551221244E-06
4.53580551221244E-06
4.53580551221244E-06
4.53580551221244E-06
4.53580551221244E-06
3.22641482242148E-06
3.22641482242148E-06
3.22641482242148E-06
3.22641482242148E-06
3.22641482242148E-06
3.22641482242148E-06
2.62761424596469E-06
2.62761424596469E-06
2.62761424596469E-06
2.62761424596469E-06
2.62761424596469E-06
2.62761424596469E-06
2.62761424596469E-06
2.00298747499161E-06
2.00298747499161E-06
4.81138034025275E-07
4.81138034025275E-07
4.81138034025275E-07
4.81138034025275E-07
4.81138034025275E-07
4.81138034025275E-07
4.81138034025275E-07
4.81138034025275E-07
4.81138034025275E-07
4.81138034025275E-07
4.81138034025275E-07
4.81138034025275E-07
4.81138034025275E-07
4.81138034025275E-07
4.81138034025275E-07
4.81138034025275E-07
4.81138034025275E-07
4.81138034025275E-07
4.81138034025275E-07
4.81138034025275E-07
4.81138034025275E-07
4.81138034025275E-07
4.81138034025275E-07
4.81138034025275E-07
4.81138034025275E-07
4.81138034025275E-07
4.81138034025275E-07
4.81138034025275E-07
4.81138034025275E-07
4.81138034025275E-07
4.81138034025275E-07
4.81138034025275E-07
4.81138034025275E-07
4.81138034025275E-07
4.81138034025275E-07
4.81138034025275E-07
4.81138034025275E-07
4.81138034025275E-07
4.81138034025275E-07
4.81138034025275E-07
4.81138034025275E-07
4.81138034025275E-07
4.81138034025275E-07
4.81138034025275E-07
4.81138034025275E-07
4.81138034025275E-07
4.78807992976282E-07
4.78807992976282E-07
4.78807992976282E-07
4.78807992976282E-07
4.78807992976282E-07
4.78807992976282E-07
4.78807992976282E-07
4.78807992976282E-07
4.78807992976282E-07
4.78807992976282E-07
4.78807992976282E-07
3.07512862007808E-07
3.07512862007808E-07
3.07512862007808E-07
3.07512862007808E-07
3.07512862007808E-07
3.07512862007808E-07
3.07512862007808E-07
3.07512862007808E-07
3.07512862007808E-07
3.07512862007808E-07
3.07512862007808E-07
3.07512862007808E-07
3.07512862007808E-07
3.07512862007808E-07
3.07512862007808E-07
3.07512862007808E-07
3.07512862007808E-07
3.07512862007808E-07
3.07512862007808E-07
3.07512862007808E-07
3.07512862007808E-07
3.07512862007808E-07
3.07512862007808E-07
3.07512862007808E-07
3.07512862007808E-07
2.20412693568983E-07
2.20412693568983E-07
2.20412693568983E-07
2.20412693568983E-07
2.20412693568983E-07
2.20412693568983E-07
2.20412693568983E-07
2.20412693568983E-07
2.20412693568983E-07
2.20412693568983E-07
2.20412693568983E-07
2.20412693568983E-07
2.20412693568983E-07
2.20412693568983E-07
2.20412693568983E-07
6.17340893960261E-08
6.17340893960261E-08
6.17340893960261E-08
6.17340893960261E-08
6.17340893960261E-08
6.17340893960261E-08
6.17340893960261E-08
6.17340893960261E-08
6.17340893960261E-08
6.17340893960261E-08
6.17340893960261E-08
6.17340893960261E-08
6.17340893960261E-08
6.17340893960261E-08
6.17340893960261E-08
6.17340893960261E-08
6.17340893960261E-08
6.17340893960261E-08
6.17340893960261E-08
6.17340893960261E-08
6.17340893960261E-08
6.17340893960261E-08
6.17340893960261E-08
6.17340893960261E-08
6.17340893960261E-08
6.17340893960261E-08
6.17340893960261E-08
6.17340893960261E-08
6.17340893960261E-08
6.17340893960261E-08
6.17340893960261E-08
6.17340893960261E-08
6.17340893960261E-08
6.17340893960261E-08
6.17340893960261E-08
6.17340893960261E-08
6.17340893960261E-08
6.17340893960261E-08
6.17340893960261E-08
6.17340893960261E-08
6.17340893960261E-08
6.17340893960261E-08
6.17340893960261E-08
6.17340893960261E-08
6.17340893960261E-08
6.17340893960261E-08
6.17340893960261E-08
6.17340893960261E-08
6.17340893960261E-08
6.17340893960261E-08
6.17340893960261E-08
6.17340893960261E-08
6.17340893960261E-08
6.17340893960261E-08
6.17340893960261E-08
6.17340893960261E-08
6.17340893960261E-08
6.17340893960261E-08
6.17340893960261E-08
6.17340893960261E-08
6.17340893960261E-08
6.17340893960261E-08
6.17340893960261E-08
6.17340893960261E-08
6.17340893960261E-08
6.17340893960261E-08
6.17340893960261E-08
6.17340893960261E-08
6.17340893960261E-08
6.17340893960261E-08
6.17340893960261E-08
6.17340893960261E-08
6.17340893960261E-08
6.17340893960261E-08
6.17340893960261E-08
6.17340893960261E-08
6.17340893960261E-08
6.17340893960261E-08
6.17340893960261E-08
6.17340893960261E-08
6.17340893960261E-08
6.17340893960261E-08
6.17340893960261E-08
6.17340893960261E-08
6.17340893960261E-08
6.17340893960261E-08
6.17340893960261E-08
6.17340893960261E-08
6.17340893960261E-08
6.17340893960261E-08
6.17340893960261E-08
6.17340893960261E-08
6.17340893960261E-08
6.17340893960261E-08
6.17340893960261E-08
6.17340893960261E-08
6.17340893960261E-08
6.17340893960261E-08
6.17340893960261E-08
6.17340893960261E-08
6.17340893960261E-08
6.17340893960261E-08
6.17340893960261E-08
6.17340893960261E-08
6.17340893960261E-08
6.17340893960261E-08
6.17340893960261E-08
6.17340893960261E-08
6.17340893960261E-08
6.17340893960261E-08
6.17340893960261E-08
6.17340893960261E-08
3.58295686730958E-08
3.58295686730958E-08
3.58295686730958E-08
3.58295686730958E-08
3.02082875935916E-08
3.02082875935916E-08
3.02082875935916E-08
3.02082875935916E-08
3.02082875935916E-08
3.02082875935916E-08
3.02082875935916E-08
3.02082875935916E-08
3.02082875935916E-08
3.02082875935916E-08
3.02082875935916E-08
3.02082875935916E-08
3.02082875935916E-08
3.02082875935916E-08
3.02082875935916E-08
3.02082875935916E-08
3.02082875935916E-08
3.02082875935916E-08
3.02082875935916E-08
3.02082875935916E-08
3.02082875935916E-08
3.02082875935916E-08
3.02082875935916E-08
3.02082875935916E-08
3.02082875935916E-08
3.02082875935916E-08
3.02082875935916E-08
3.02082875935916E-08
3.02082875935916E-08
3.02082875935916E-08
3.02082875935916E-08
2.28442400551643E-08
2.28442400551643E-08
2.28442400551643E-08
2.28442400551643E-08
2.28442400551643E-08
2.28442400551643E-08
2.28442400551643E-08
2.28442400551643E-08
2.28442400551643E-08
2.28442400551643E-08
2.28442400551643E-08
2.28442400551643E-08
2.28442400551643E-08
2.28442400551643E-08
2.28442400551643E-08
2.28442400551643E-08
2.28442400551643E-08
2.28442400551643E-08
2.28442400551643E-08
2.28442400551643E-08
2.28442400551643E-08
2.28442400551643E-08
2.28442400551643E-08
2.28442400551643E-08
2.28442400551643E-08
2.28442400551643E-08
2.28442400551643E-08
2.28442400551643E-08
2.28442400551643E-08
2.28442400551643E-08
2.28442400551643E-08
2.28442400551643E-08
8.13195952242829E-09
8.13195952242829E-09
8.13195952242829E-09
8.13195952242829E-09
8.13195952242829E-09
8.13195952242829E-09
8.13195952242829E-09
8.13195952242829E-09
8.13195952242829E-09
8.13195952242829E-09
8.13195952242829E-09
8.13195952242829E-09
8.13195952242829E-09
8.13195952242829E-09
8.13195952242829E-09
8.13195952242829E-09
8.13195952242829E-09
8.13195952242829E-09
8.13195952242829E-09
8.13195952242829E-09
8.13195952242829E-09
8.13195952242829E-09
8.13195952242829E-09
8.13195952242829E-09
8.13195952242829E-09
8.13195952242829E-09
8.13195952242829E-09
8.13195952242829E-09
8.13195952242829E-09
8.13195952242829E-09
8.13195952242829E-09
8.13195952242829E-09
8.13195952242829E-09
8.13195952242829E-09
8.13195952242829E-09
8.13195952242829E-09
8.13195952242829E-09
8.13195952242829E-09
8.13195952242829E-09
8.13195952242829E-09
8.13195952242829E-09
8.13195952242829E-09
8.13195952242829E-09
8.13195952242829E-09
8.13195952242829E-09
8.13195952242829E-09
8.13195952242829E-09
8.13195952242829E-09
5.67503213866338E-09
5.67503213866338E-09
5.67503213866338E-09
5.67503213866338E-09
5.67503213866338E-09
5.67503213866338E-09
3.32830973892584E-09
3.32830973892584E-09
3.32830973892584E-09
3.32830973892584E-09
3.32830973892584E-09
3.32830973892584E-09
3.32830973892584E-09
3.32830973892584E-09
3.32830973892584E-09
3.32830973892584E-09
3.32830973892584E-09
3.32830973892584E-09
3.32830973892584E-09
3.32830973892584E-09
3.32830973892584E-09
3.32830973892584E-09
3.32830973892584E-09
3.32830973892584E-09
3.32830973892584E-09
3.32830973892584E-09
3.32830973892584E-09
3.32830973892584E-09
3.32830973892584E-09
3.32830973892584E-09
3.32830973892584E-09
3.32830973892584E-09
3.32830973892584E-09
3.32830973892584E-09
3.32830973892584E-09
3.32830973892584E-09
3.32830973892584E-09
3.32830973892584E-09
3.32830973892584E-09
3.32830973892584E-09
3.32830973892584E-09
3.32830973892584E-09
3.32830973892584E-09
3.32830973892584E-09
3.32830973892584E-09
3.32830973892584E-09
3.32830973892584E-09
3.32830973892584E-09
3.32830973892584E-09
3.32830973892584E-09
3.32830973892584E-09
3.32830973892584E-09
3.32830973892584E-09
3.32830973892584E-09
3.32830973892584E-09
3.32830973892584E-09
3.32830973892584E-09
3.32830973892584E-09
3.32830973892584E-09

