0.167098439309144
0.0902780731981363
0.0902170291774175
0.0560352404056803
0.0560352404056803
0.0478050249873165
0.0478050249873165
0.0474483555396134
0.0474483555396134
0.0299845685921706
0.0299845685921706
0.0117895797186165
0.0117895797186165
0.00408937735092396
0.00408937735092396
0.00408937735092396
0.00408937735092396
0.00408937735092396
0.00408937735092396
0.00408937735092396
0.00229735677426141
0.0021836719848311
0.00110566337490697
0.000845464885249947
0.000476035640732064
0.000476035640732064
0.000476035640732064
0.000476035640732064
0.000476035640732064
0.000476035640732064
7.01080143465926E-05
7.01080143465926E-05
7.01080143465926E-05
6.66114140073226E-05
6.66114140073226E-05
6.66114140073226E-05
6.66114140073226E-05
6.66114140073226E-05
6.66114140073226E-05
6.66114140073226E-05
6.66114140073226E-05
6.66114140073226E-05
6.66114140073226E-05
6.66114140073226E-05
6.66114140073226E-05
6.66114140073226E-05
6.66114140073226E-05
6.66114140073226E-05
6.66114140073226E-05
6.66114140073226E-05
4.2868799863427E-05
4.2868799863427E-05
6.57577366180995E-06
6.57577366180995E-06
6.57577366180995E-06
6.57577366180995E-06
6.57577366180995E-06
6.57577366180995E-06
6.57577366180995E-06
6.57577366180995E-06
6.57577366180995E-06
6.57577366180995E-06
6.57577366180995E-06
4.62438167986301E-06
4.62438167986301E-06
4.62438167986301E-06
4.62438167986301E-06
4.62438167986301E-06
3.94157352173741E-06
3.94157352173741E-06
3.94157352173741E-06
3.94157352173741E-06
3.94157352173741E-06
3.94157352173741E-06
3.94157352173741E-06
3.94157352173741E-06
3.94157352173741E-06
1.92516740010751E-06
1.92516740010751E-06
1.92516740010751E-06
1.92516740010751E-06
1.92516740010751E-06
1.92516740010751E-06
1.92516740010751E-06
1.92516740010751E-06
1.92516740010751E-06
1.92516740010751E-06
1.92516740010751E-06
1.92516740010751E-06
1.92516740010751E-06
1.92516740010751E-06
1.92516740010751E-06
1.92516740010751E-06
1.92516740010751E-06
1.92516740010751E-06
1.92516740010751E-06
1.92516740010751E-06
3.0371347092828E-07
3.0371347092828E-07
3.0371347092828E-07
3.0371347092828E-07
3.0371347092828E-07
3.0371347092828E-07
3.0371347092828E-07
3.0371347092828E-07
3.0371347092828E-07
3.0371347092828E-07
3.0371347092828E-07
3.0371347092828E-07
3.0371347092828E-07
3.0371347092828E-07
3.0371347092828E-07
3.0371347092828E-07
3.0371347092828E-07
3.0371347092828E-07
3.0371347092828E-07
3.0371347092828E-07
3.0371347092828E-07
3.0371347092828E-07
3.0371347092828E-07
3.0371347092828E-07
3.0371347092828E-07
3.0371347092828E-07
3.0371347092828E-07
3.0371347092828E-07
3.0371347092828E-07
3.0371347092828E-07
3.0371347092828E-07
3.0371347092828E-07
3.0371347092828E-07
3.0371347092828E-07
3.0371347092828E-07
3.0371347092828E-07
3.0371347092828E-07
3.0371347092828E-07
3.0371347092828E-07
3.0371347092828E-07
3.0371347092828E-07
3.0371347092828E-07
3.0371347092828E-07
3.0371347092828E-07
3.0371347092828E-07
3.0371347092828E-07
3.0371347092828E-07
3.0371347092828E-07
3.0371347092828E-07
3.0371347092828E-07
3.0371347092828E-07
3.0371347092828E-07
3.0371347092828E-07
3.0371347092828E-07
3.0371347092828E-07
3.0371347092828E-07
3.0371347092828E-07
3.0371347092828E-07
3.0371347092828E-07
3.0371347092828E-07
3.0371347092828E-07
3.0371347092828E-07
3.0371347092828E-07
3.0371347092828E-07
3.0371347092828E-07
3.0371347092828E-07
3.0371347092828E-07
3.0371347092828E-07
3.0371347092828E-07
3.0371347092828E-07
3.0371347092828E-07
3.0371347092828E-07
3.0371347092828E-07
3.0371347092828E-07
3.0371347092828E-07
3.0371347092828E-07
3.0371347092828E-07
3.0371347092828E-07
3.0371347092828E-07
3.0371347092828E-07
3.0371347092828E-07
3.0371347092828E-07
3.0371347092828E-07
3.0371347092828E-07
3.0371347092828E-07
3.0371347092828E-07
3.0371347092828E-07
3.0371347092828E-07
3.0371347092828E-07
3.0371347092828E-07
3.0371347092828E-07
3.0371347092828E-07
3.0371347092828E-07
3.0371347092828E-07
3.0371347092828E-07
3.0371347092828E-07
3.0371347092828E-07
3.0371347092828E-07
3.0371347092828E-07
3.0371347092828E-07
3.0371347092828E-07
3.0371347092828E-07
3.0371347092828E-07
3.0371347092828E-07
3.0371347092828E-07
3.0371347092828E-07
3.0371347092828E-07
3.0371347092828E-07
3.0371347092828E-07
3.0371347092828E-07
3.0371347092828E-07
3.0371347092828E-07
3.0371347092828E-07
3.0371347092828E-07
3.0371347092828E-07
3.0371347092828E-07
3.0371347092828E-07
2.78666991426757E-07
2.78666991426757E-07
2.78666991426757E-07
2.78666991426757E-07
2.78666991426757E-07
2.78666991426757E-07
2.78666991426757E-07
2.78666991426757E-07
2.78666991426757E-07
2.43531194987767E-07
2.43531194987767E-07
2.43531194987767E-07
2.43531194987767E-07
2.43531194987767E-07
2.43531194987767E-07
2.43531194987767E-07
2.43531194987767E-07
2.43531194987767E-07
2.43531194987767E-07
2.43531194987767E-07
2.43531194987767E-07
2.43531194987767E-07
2.43531194987767E-07
2.43531194987767E-07
2.43531194987767E-07
2.43531194987767E-07
2.43531194987767E-07
2.43531194987767E-07
2.43531194987767E-07
2.43531194987767E-07
2.43531194987767E-07
2.43531194987767E-07
2.43531194987767E-07
2.43531194987767E-07
2.43531194987767E-07
2.43531194987767E-07
2.43531194987767E-07
2.43531194987767E-07
2.43531194987767E-07
2.43531194987767E-07
2.43531194987767E-07
2.43531194987767E-07
2.43531194987767E-07
2.43531194987767E-07
2.43531194987767E-07
2.43531194987767E-07
2.43531194987767E-07
1.983467152189E-07
1.983467152189E-07
1.983467152189E-07
1.983467152189E-07
1.983467152189E-07
1.983467152189E-07
1.63018659293801E-07
1.63018659293801E-07
1.63018659293801E-07
1.63018659293801E-07
1.19375157037194E-07
1.19375157037194E-07
1.19375157037194E-07
1.19375157037194E-07
1.19375157037194E-07
1.19375157037194E-07
1.19375157037194E-07
1.19375157037194E-07
1.19375157037194E-07
1.19375157037194E-07
1.19375157037194E-07
1.19375157037194E-07
1.19375157037194E-07
1.09883149801426E-07
1.09883149801426E-07
1.09883149801426E-07
1.09883149801426E-07
1.09883149801426E-07
1.09883149801426E-07
1.09883149801426E-07
1.09883149801426E-07
1.09883149801426E-07
1.09883149801426E-07
1.09883149801426E-07
1.09883149801426E-07
1.09883149801426E-07
1.09883149801426E-07
1.09883149801426E-07
1.09883149801426E-07
1.09883149801426E-07
1.09883149801426E-07
1.09883149801426E-07
1.09883149801426E-07
1.09883149801426E-07
1.09883149801426E-07
1.09883149801426E-07
1.09883149801426E-07
1.09883149801426E-07
1.09883149801426E-07
6.25194258585537E-08
6.25194258585537E-08
6.25194258585537E-08
6.25194258585537E-08
6.25194258585537E-08
6.25194258585537E-08
5.11674524417138E-08
5.11674524417138E-08
5.11674524417138E-08
5.11674524417138E-08
5.11674524417138E-08
5.11674524417138E-08
5.11674524417138E-08
5.11674524417138E-08
5.11674524417138E-08
5.11674524417138E-08
5.11674524417138E-08
5.11674524417138E-08
5.11674524417138E-08
5.11674524417138E-08
5.11674524417138E-08
5.11674524417138E-08
5.11674524417138E-08
5.11674524417138E-08
5.11674524417138E-08
5.11674524417138E-08
5.11674524417138E-08
5.11674524417138E-08
5.11674524417138E-08
5.11674524417138E-08
5.11674524417138E-08
5.11674524417138E-08
5.11674524417138E-08
5.11674524417138E-08
5.11674524417138E-08
5.11674524417138E-08
5.11674524417138E-08
5.11674524417138E-08
5.11674524417138E-08
5.11674524417138E-08
5.11674524417138E-08
3.31824532850966E-08
3.31824532850966E-08
3.31824532850966E-08
3.31824532850966E-08
3.31824532850966E-08
3.31824532850966E-08
7.14577585991805E-09
7.14577585991805E-09
7.14577585991805E-09
7.14577585991805E-09
7.14577585991805E-09
7.14577585991805E-09
7.14577585991805E-09
7.14577585991805E-09
7.14577585991805E-09
7.14577585991805E-09
7.14577585991805E-09
7.14577585991805E-09
7.14577585991805E-09
7.14577585991805E-09
7.14577585991805E-09
7.14577585991805E-09
7.14577585991805E-09
7.14577585991805E-09
7.14577585991805E-09
7.14577585991805E-09
7.14577585991805E-09
7.14577585991805E-09
7.14577585991805E-09
7.14577585991805E-09
7.14577585991805E-09
7.14577585991805E-09
7.14577585991805E-09
7.14577585991805E-09
7.14577585991805E-09
7.14577585991805E-09
7.14577585991805E-09
7.14577585991805E-09
7.14577585991805E-09
7.14577585991805E-09
7.14577585991805E-09
7.14577585991805E-09
7.14577585991805E-09
7.14577585991805E-09
7.14577585991805E-09
7.14577585991805E-09
7.14577585991805E-09
7.14577585991805E-09
7.14577585991805E-09
7.14577585991805E-09
7.14577585991805E-09
7.14577585991805E-09
7.14577585991805E-09
7.14577585991805E-09
7.14577585991805E-09
7.14577585991805E-09
7.14577585991805E-09
7.14577585991805E-09
7.14577585991805E-09
7.14577585991805E-09
7.14577585991805E-09
7.14577585991805E-09
7.14577585991805E-09
7.14577585991805E-09
7.14577585991805E-09
7.14577585991805E-09
7.14577585991805E-09
7.14577585991805E-09
7.14577585991805E-09
7.14577585991805E-09
7.14577585991805E-09
7.14577585991805E-09
7.14577585991805E-09
7.14577585991805E-09
7.14577585991805E-09
7.14577585991805E-09
7.14577585991805E-09
7.14577585991805E-09
7.14577585991805E-09
7.14577585991805E-09
7.14577585991805E-09
7.14577585991805E-09
7.14577585991805E-09
7.14577585991805E-09
7.14577585991805E-09
7.14577585991805E-09
7.14577585991805E-09
7.14577585991805E-09
7.14577585991805E-09
7.14577585991805E-09
7.14577585991805E-09
7.14577585991805E-09
7.14577585991805E-09
7.14577585991805E-09
7.14577585991805E-09
7.14577585991805E-09
7.14577585991805E-09
7.14577585991805E-09
7.14577585991805E-09
7.14577585991805E-09
7.14577585991805E-09
7.14577585991805E-09
7.14577585991805E-09
7.14577585991805E-09
7.14577585991805E-09
7.14577585991805E-09
7.14577585991805E-09
7.14577585991805E-09
7.14577585991805E-09
7.14577585991805E-09
7.14577585991805E-09
7.14577585991805E-09
7.14577585991805E-09
7.14577585991805E-09
6.93326551726159E-09
6.93326551726159E-09
6.93326551726159E-09
6.93326551726159E-09
6.93326551726159E-09
6.93326551726159E-09
6.93326551726159E-09
6.93326551726159E-09
6.93326551726159E-09
6.93326551726159E-09
6.93326551726159E-09
6.93326551726159E-09
6.93326551726159E-09
6.93326551726159E-09
6.93326551726159E-09
6.93326551726159E-09
6.93326551726159E-09
6.93326551726159E-09
6.93326551726159E-09
6.93326551726159E-09
6.93326551726159E-09
6.93326551726159E-09
6.93326551726159E-09
6.93326551726159E-09
6.93326551726159E-09
6.93326551726159E-09
6.93326551726159E-09
6.93326551726159E-09
6.93326551726159E-09
6.93326551726159E-09
6.93326551726159E-09
6.93326551726159E-09
6.93326551726159E-09
6.93326551726159E-09
6.93326551726159E-09

