0.249064709288761
0.177058682226657
0.072859127489743
0.0352350504894339
0.0352350504894339
0.0176935962911484
0.0176935962911484
0.0176935962911484
0.0115606836393352
0.00539896455707545
0.00539896455707545
0.00310935160044717
0.00310935160044717
0.00310935160044717
0.00229008751962248
0.00197307797336338
0.00197307797336338
0.00122886629992375
0.00122886629992375
0.00122886629992375
0.000283539912601383
0.000283539912601383
0.000283539912601383
0.000283539912601383
0.000283539912601383
0.000283539912601383
0.000273389433014387
0.000273389433014387
9.1582137375007E-05
9.1582137375007E-05
9.1582137375007E-05
9.1582137375007E-05
9.1582137375007E-05
9.1582137375007E-05
4.94150453635711E-05
4.94150453635711E-05
4.94150453635711E-05
4.94150453635711E-05
4.94150453635711E-05
4.94150453635711E-05
4.94150453635711E-05
4.94150453635711E-05
4.94150453635711E-05
4.94150453635711E-05
4.94150453635711E-05
4.94150453635711E-05
4.94150453635711E-05
4.94150453635711E-05
4.94150453635711E-05
3.89213276139888E-05
3.89213276139888E-05
3.89213276139888E-05
3.89213276139888E-05
3.89213276139888E-05
3.89213276139888E-05
3.89213276139888E-05
3.89213276139888E-05
3.89213276139888E-05
3.89213276139888E-05
3.89213276139888E-05
3.89213276139888E-05
3.89213276139888E-05
3.89213276139888E-05
3.89213276139888E-05
3.89213276139888E-05
3.42122585273441E-05
3.42122585273441E-05
2.92667665457158E-05
1.42836358021925E-05
1.42836358021925E-05
1.42836358021925E-05
1.42836358021925E-05
1.42836358021925E-05
1.42836358021925E-05
1.42836358021925E-05
1.42836358021925E-05
1.42836358021925E-05
1.42836358021925E-05
1.42836358021925E-05
1.42836358021925E-05
1.42836358021925E-05
1.42836358021925E-05
1.42836358021925E-05
1.42836358021925E-05
1.42836358021925E-05
1.27724301465515E-05
1.27724301465515E-05
8.48121880597796E-06
8.48121880597796E-06
6.00337431611031E-06
6.00337431611031E-06
6.00337431611031E-06
6.00337431611031E-06
6.00337431611031E-06
6.00337431611031E-06
6.00337431611031E-06
6.00337431611031E-06
6.00337431611031E-06
6.00337431611031E-06
1.25155842586877E-06
1.25155842586877E-06
1.25155842586877E-06
1.25155842586877E-06
1.25155842586877E-06
1.25155842586877E-06
1.25155842586877E-06
1.25155842586877E-06
1.25155842586877E-06
1.25155842586877E-06
1.25155842586877E-06
1.25155842586877E-06
1.25155842586877E-06
1.25155842586877E-06
1.25155842586877E-06
1.25155842586877E-06
1.25155842586877E-06
1.25155842586877E-06
1.25155842586877E-06
1.25155842586877E-06
1.25155842586877E-06
1.25155842586877E-06
1.25155842586877E-06
1.25155842586877E-06
1.25155842586877E-06
1.06582444248104E-06
1.06582444248104E-06
1.03548411284349E-06
1.03548411284349E-06
1.03548411284349E-06
1.03548411284349E-06
1.03548411284349E-06
1.03548411284349E-06
1.03548411284349E-06
1.03548411284349E-06
1.03548411284349E-06
1.03548411284349E-06
1.03548411284349E-06
1.03548411284349E-06
1.03548411284349E-06
1.03548411284349E-06
1.03548411284349E-06
1.03548411284349E-06
1.03548411284349E-06
1.03548411284349E-06
1.03548411284349E-06
1.03548411284349E-06
1.03548411284349E-06
1.03548411284349E-06
1.03548411284349E-06
1.03548411284349E-06
1.03548411284349E-06
1.03548411284349E-06
1.03548411284349E-06
1.03548411284349E-06
1.03548411284349E-06
1.03548411284349E-06
1.03548411284349E-06
1.03548411284349E-06
1.03548411284349E-06
1.03548411284349E-06
1.03548411284349E-06
1.03548411284349E-06
1.03548411284349E-06
1.03548411284349E-06
1.03548411284349E-06
1.03548411284349E-06
1.03548411284349E-06
1.03548411284349E-06
1.03548411284349E-06
1.03548411284349E-06
1.03548411284349E-06
1.03548411284349E-06
1.03548411284349E-06
1.03548411284349E-06
1.03548411284349E-06
1.03548411284349E-06
1.03548411284349E-06
1.03548411284349E-06
1.03548411284349E-06
1.03548411284349E-06
1.03548411284349E-06
1.03548411284349E-06
9.78080717833896E-07
9.78080717833896E-07
9.78080717833896E-07
9.78080717833896E-07
9.78080717833896E-07
9.78080717833896E-07
9.78080717833896E-07
7.65689000342684E-07
7.65689000342684E-07
7.65689000342684E-07
7.65689000342684E-07
7.65689000342684E-07
7.65689000342684E-07
7.65689000342684E-07
4.10356762375885E-07
4.10356762375885E-07
4.10356762375885E-07
4.10356762375885E-07
4.10356762375885E-07
4.10356762375885E-07
4.10356762375885E-07
4.10356762375885E-07
4.10356762375885E-07
4.10356762375885E-07
4.10356762375885E-07
4.10356762375885E-07
4.10356762375885E-07
4.10356762375885E-07
4.10356762375885E-07
4.10356762375885E-07
4.10356762375885E-07
4.10356762375885E-07
4.10356762375885E-07
4.10356762375885E-07
4.10356762375885E-07
4.10356762375885E-07
4.10356762375885E-07
2.03594014286379E-07
2.03594014286379E-07
2.03594014286379E-07
2.03594014286379E-07
2.03594014286379E-07
2.03594014286379E-07
2.03594014286379E-07
2.03594014286379E-07
2.03594014286379E-07
2.03594014286379E-07
2.03594014286379E-07
2.01441338748554E-07
2.01441338748554E-07
2.01441338748554E-07
2.01441338748554E-07
2.01441338748554E-07
2.01441338748554E-07
2.01441338748554E-07
2.01441338748554E-07
2.01441338748554E-07
2.01441338748554E-07
2.01441338748554E-07
2.01441338748554E-07
2.01441338748554E-07
2.01441338748554E-07
2.01441338748554E-07
2.01441338748554E-07
2.01441338748554E-07
2.01441338748554E-07
2.01441338748554E-07
2.01441338748554E-07
2.01441338748554E-07
2.01441338748554E-07
1.93762380390483E-07
1.93762380390483E-07
1.28070061694574E-07
1.28070061694574E-07
1.28070061694574E-07
1.28070061694574E-07
1.28070061694574E-07
1.28070061694574E-07
1.28070061694574E-07
1.28070061694574E-07
1.28070061694574E-07
1.28070061694574E-07
1.28070061694574E-07
1.28070061694574E-07
1.28070061694574E-07
1.28070061694574E-07
1.28070061694574E-07
1.28070061694574E-07
1.28070061694574E-07
1.28070061694574E-07
1.28070061694574E-07
1.28070061694574E-07
1.28070061694574E-07
1.28070061694574E-07
1.28070061694574E-07
1.28070061694574E-07
1.28070061694574E-07
1.28070061694574E-07
1.28070061694574E-07
1.28070061694574E-07
1.28070061694574E-07
1.28070061694574E-07
1.28070061694574E-07
1.28070061694574E-07
1.28070061694574E-07
1.28070061694574E-07
1.28070061694574E-07
1.28070061694574E-07
1.28070061694574E-07
1.28070061694574E-07
1.28070061694574E-07
1.28070061694574E-07
8.35135120502706E-08
8.35135120502706E-08
8.35135120502706E-08
8.35135120502706E-08
8.35135120502706E-08
8.35135120502706E-08
8.35135120502706E-08
8.35135120502706E-08
8.35135120502706E-08
8.35135120502706E-08
8.35135120502706E-08
8.35135120502706E-08
8.35135120502706E-08
8.35135120502706E-08
8.35135120502706E-08
8.35135120502706E-08
8.35135120502706E-08
8.35135120502706E-08
8.35135120502706E-08
8.35135120502706E-08
8.26680812693326E-08
8.26680812693326E-08
8.26680812693326E-08
8.26680812693326E-08
8.26680812693326E-08
8.26680812693326E-08
8.26680812693326E-08
8.26680812693326E-08
8.26680812693326E-08
8.26680812693326E-08
8.26680812693326E-08
8.26680812693326E-08
8.26680812693326E-08
8.26680812693326E-08
8.26680812693326E-08
8.26680812693326E-08
4.95854647619698E-08
1.69073626765659E-08
1.69073626765659E-08
1.69073626765659E-08
1.69073626765659E-08
1.69073626765659E-08
1.69073626765659E-08
1.69073626765659E-08
1.69073626765659E-08
1.69073626765659E-08
1.69073626765659E-08
1.69073626765659E-08
1.69073626765659E-08
1.69073626765659E-08
1.69073626765659E-08
1.69073626765659E-08
1.69073626765659E-08
1.69073626765659E-08
1.69073626765659E-08
1.69073626765659E-08
1.69073626765659E-08
1.69073626765659E-08
1.69073626765659E-08
1.69073626765659E-08
1.69073626765659E-08
1.69073626765659E-08
1.69073626765659E-08
1.69073626765659E-08
1.69073626765659E-08
1.69073626765659E-08
1.69073626765659E-08
1.69073626765659E-08
1.69073626765659E-08
1.69073626765659E-08
1.69073626765659E-08
1.69073626765659E-08
1.69073626765659E-08
1.69073626765659E-08
1.69073626765659E-08
1.69073626765659E-08
1.69073626765659E-08
1.69073626765659E-08
1.69073626765659E-08
1.69073626765659E-08
1.69073626765659E-08
1.69073626765659E-08
1.69073626765659E-08
1.69073626765659E-08
1.69073626765659E-08
1.69073626765659E-08
1.69073626765659E-08
1.69073626765659E-08
1.69073626765659E-08
1.69073626765659E-08
1.69073626765659E-08
1.69073626765659E-08
1.69073626765659E-08
1.69073626765659E-08
1.69073626765659E-08
1.69073626765659E-08
1.69073626765659E-08
1.69073626765659E-08
1.69073626765659E-08
1.69073626765659E-08
1.69073626765659E-08
1.69073626765659E-08
1.69073626765659E-08
1.69073626765659E-08
1.69073626765659E-08
1.69073626765659E-08
1.69073626765659E-08
1.69073626765659E-08
1.69073626765659E-08
1.69073626765659E-08
1.69073626765659E-08
1.69073626765659E-08
1.69073626765659E-08
1.69073626765659E-08
1.69073626765659E-08
1.69073626765659E-08
1.69073626765659E-08
1.69073626765659E-08
1.69073626765659E-08
1.69073626765659E-08
1.69073626765659E-08
1.69073626765659E-08
1.69073626765659E-08
1.69073626765659E-08
1.69073626765659E-08
1.69073626765659E-08
1.69073626765659E-08
1.69073626765659E-08
1.69073626765659E-08
1.69073626765659E-08
1.69073626765659E-08
1.69073626765659E-08
1.69073626765659E-08
1.69073626765659E-08
1.69073626765659E-08
1.69073626765659E-08
1.69073626765659E-08
1.11564741334114E-08
1.11564741334114E-08
1.11564741334114E-08
1.11564741334114E-08
1.11564741334114E-08
1.11564741334114E-08
1.11564741334114E-08
1.11564741334114E-08
1.11564741334114E-08
1.11564741334114E-08
1.11564741334114E-08
1.11564741334114E-08
1.11564741334114E-08
1.11564741334114E-08
1.11564741334114E-08
1.11564741334114E-08
1.11564741334114E-08
1.11564741334114E-08
1.11564741334114E-08
1.11564741334114E-08
1.11564741334114E-08
1.11564741334114E-08
1.11564741334114E-08
6.92324458873017E-09
6.92324458873017E-09
6.92324458873017E-09
6.92324458873017E-09
6.92324458873017E-09
6.92324458873017E-09
6.92324458873017E-09
6.92324458873017E-09
6.92324458873017E-09
6.92324458873017E-09
6.92324458873017E-09
6.92324458873017E-09
6.92324458873017E-09
6.92324458873017E-09
6.92324458873017E-09
6.92324458873017E-09
6.92324458873017E-09
6.92324458873017E-09
6.92324458873017E-09
6.92324458873017E-09
6.92324458873017E-09
6.92324458873017E-09
6.92324458873017E-09
6.92324458873017E-09
6.92324458873017E-09
6.92324458873017E-09
6.92324458873017E-09
6.92324458873017E-09
6.92324458873017E-09
6.92324458873017E-09
6.92324458873017E-09
6.92324458873017E-09
6.92324458873017E-09
6.92324458873017E-09
6.92324458873017E-09
6.92324458873017E-09
6.92324458873017E-09
6.92324458873017E-09
6.92324458873017E-09
6.92324458873017E-09
6.92324458873017E-09
6.92324458873017E-09
6.92324458873017E-09
6.92324458873017E-09
6.92324458873017E-09
6.92324458873017E-09

