0.0883652205256766
0.0883652205256766
0.0672358700344017
0.0672358700344017
0.0672358700344017
0.0314972566044176
0.0314972566044176
0.0314972566044176
0.0163290081404544
0.0163290081404544
0.0163290081404544
0.01421289203339
0.0133749158280875
0.00583054453477469
0.00583054453477469
0.00583054453477469
0.00414586360597946
0.000290954468950277
0.000290954468950277
0.000290954468950277
0.000290954468950277
0.000290954468950277
0.000290954468950277
0.000290954468950277
0.000290954468950277
0.000290954468950277
0.000290954468950277
0.000290954468950277
0.000290954468950277
0.000290954468950277
0.000290954468950277
0.000290954468950277
0.000290954468950277
0.000290954468950277
0.000290954468950277
0.000290954468950277
0.000290954468950277
0.000290954468950277
0.000290954468950277
0.000242815778226269
0.000242815778226269
0.000229972140562196
0.000125481127144056
0.000125481127144056
0.000125481127144056
0.000107049552945271
0.000107049552945271
0.000107049552945271
9.68474628189608E-05
9.68474628189608E-05
9.68474628189608E-05
9.68474628189608E-05
9.68474628189608E-05
2.3336721861722E-05
2.3336721861722E-05
2.3336721861722E-05
2.3336721861722E-05
2.3336721861722E-05
2.3336721861722E-05
2.3336721861722E-05
2.3336721861722E-05
2.3336721861722E-05
2.3336721861722E-05
1.89654670351702E-05
1.89654670351702E-05
1.02179370387034E-05
1.02179370387034E-05
1.02179370387034E-05
1.02179370387034E-05
1.02179370387034E-05
1.02179370387034E-05
1.02179370387034E-05
1.02179370387034E-05
1.02179370387034E-05
1.02179370387034E-05
1.02179370387034E-05
1.02179370387034E-05
1.02179370387034E-05
1.02179370387034E-05
1.02179370387034E-05
1.02179370387034E-05
1.02179370387034E-05
1.02179370387034E-05
1.02179370387034E-05
1.02179370387034E-05
1.02179370387034E-05
1.02179370387034E-05
1.02179370387034E-05
1.02179370387034E-05
5.5320210377019E-06
5.5320210377019E-06
5.5320210377019E-06
5.5320210377019E-06
5.5320210377019E-06
5.5320210377019E-06
5.5320210377019E-06
5.5320210377019E-06
5.5320210377019E-06
5.5320210377019E-06
5.5320210377019E-06
5.5320210377019E-06
5.5320210377019E-06
5.5320210377019E-06
5.5320210377019E-06
5.5320210377019E-06
5.5320210377019E-06
5.5320210377019E-06
5.5320210377019E-06
5.5320210377019E-06
5.5320210377019E-06
5.5320210377019E-06
5.5320210377019E-06
2.09612627188882E-06
8.43426077090648E-07
8.43426077090648E-07
8.43426077090648E-07
8.43426077090648E-07
8.43426077090648E-07
8.43426077090648E-07
8.43426077090648E-07
8.43426077090648E-07
8.43426077090648E-07
8.43426077090648E-07
8.43426077090648E-07
8.43426077090648E-07
8.43426077090648E-07
8.43426077090648E-07
8.43426077090648E-07
8.43426077090648E-07
8.43426077090648E-07
8.43426077090648E-07
8.43426077090648E-07
8.43426077090648E-07
8.43426077090648E-07
8.43426077090648E-07
8.43426077090648E-07
8.43426077090648E-07
8.43426077090648E-07
8.43426077090648E-07
8.43426077090648E-07
8.43426077090648E-07
8.43426077090648E-07
8.43426077090648E-07
8.43426077090648E-07
8.43426077090648E-07
8.43426077090648E-07
8.43426077090648E-07
8.43426077090648E-07
8.43426077090648E-07
8.43426077090648E-07
8.43426077090648E-07
8.43426077090648E-07
8.43426077090648E-07
8.43426077090648E-07
8.43426077090648E-07
8.43426077090648E-07
8.43426077090648E-07
8.43426077090648E-07
8.43426077090648E-07
8.43426077090648E-07
8.43426077090648E-07
8.43426077090648E-07
8.43426077090648E-07
8.43426077090648E-07
8.43426077090648E-07
8.43426077090648E-07
8.43426077090648E-07
8.43426077090648E-07
8.43426077090648E-07
8.43426077090648E-07
8.43426077090648E-07
5.93980907570568E-07
5.93980907570568E-07
5.93980907570568E-07
5.93980907570568E-07
5.93980907570568E-07
5.93980907570568E-07
5.93980907570568E-07
5.93980907570568E-07
5.93980907570568E-07
5.93980907570568E-07
5.93980907570568E-07
5.93980907570568E-07
5.93980907570568E-07
5.93980907570568E-07
5.93980907570568E-07
5.93980907570568E-07
5.93980907570568E-07
5.93980907570568E-07
5.28432174018434E-07
5.28432174018434E-07
5.28432174018434E-07
5.28432174018434E-07
5.28432174018434E-07
5.28432174018434E-07
5.28432174018434E-07
5.28432174018434E-07
5.28432174018434E-07
5.28432174018434E-07
5.28432174018434E-07
5.28432174018434E-07
5.28432174018434E-07
5.28432174018434E-07
5.28432174018434E-07
5.28432174018434E-07
5.28432174018434E-07
5.28432174018434E-07
5.28432174018434E-07
2.50090668174607E-07
2.50090668174607E-07
2.50090668174607E-07
2.50090668174607E-07
2.50090668174607E-07
2.50090668174607E-07
2.50090668174607E-07
2.50090668174607E-07
2.50090668174607E-07
2.50090668174607E-07
2.50090668174607E-07
2.50090668174607E-07
2.50090668174607E-07
2.50090668174607E-07
2.50090668174607E-07
2.50090668174607E-07
2.50090668174607E-07
2.50090668174607E-07
2.50090668174607E-07
2.50090668174607E-07
2.50090668174607E-07
2.50090668174607E-07
2.50090668174607E-07
2.50090668174607E-07
2.50090668174607E-07
2.50090668174607E-07
2.50090668174607E-07
2.50090668174607E-07
2.50090668174607E-07
2.50090668174607E-07
1.76585698841158E-07
1.76585698841158E-07
1.76585698841158E-07
1.76585698841158E-07
1.76585698841158E-07
1.76585698841158E-07
1.76585698841158E-07
1.76585698841158E-07
1.76585698841158E-07
1.76585698841158E-07
1.76585698841158E-07
1.76585698841158E-07
1.76585698841158E-07
1.76585698841158E-07
1.76585698841158E-07
1.76585698841158E-07
1.76585698841158E-07
1.76585698841158E-07
1.76585698841158E-07
1.76585698841158E-07
1.76585698841158E-07
1.76585698841158E-07
1.76585698841158E-07
1.76585698841158E-07
1.76585698841158E-07
1.76585698841158E-07
1.76585698841158E-07
1.76585698841158E-07
1.14010586971247E-07
1.14010586971247E-07
1.14010586971247E-07
1.14010586971247E-07
1.0559223329043E-07
1.0559223329043E-07
1.0559223329043E-07
1.0559223329043E-07
1.0559223329043E-07
1.0559223329043E-07
1.0559223329043E-07
1.0559223329043E-07
1.0559223329043E-07
1.0559223329043E-07
1.0559223329043E-07
1.0559223329043E-07
1.0559223329043E-07
1.0559223329043E-07
1.0559223329043E-07
1.0559223329043E-07
1.0559223329043E-07
1.0559223329043E-07
1.0559223329043E-07
1.0559223329043E-07
1.0559223329043E-07
1.0559223329043E-07
1.0559223329043E-07
1.0559223329043E-07
1.0559223329043E-07
1.0559223329043E-07
1.0559223329043E-07
1.0559223329043E-07
1.0559223329043E-07
1.0559223329043E-07
1.0559223329043E-07
1.0559223329043E-07
1.0559223329043E-07
1.0559223329043E-07
1.0559223329043E-07
1.0559223329043E-07
1.0559223329043E-07
1.0559223329043E-07
1.0559223329043E-07
1.0559223329043E-07
1.0559223329043E-07
1.0559223329043E-07
1.0559223329043E-07
1.0559223329043E-07
1.0559223329043E-07
1.0559223329043E-07
1.0559223329043E-07
1.0559223329043E-07
1.0559223329043E-07
1.0559223329043E-07
1.0559223329043E-07
1.0559223329043E-07
1.0559223329043E-07
1.0559223329043E-07
1.0559223329043E-07
1.0559223329043E-07
1.0559223329043E-07
1.0559223329043E-07
1.0559223329043E-07
1.0559223329043E-07
1.0559223329043E-07
1.0559223329043E-07
1.0559223329043E-07
1.0559223329043E-07
7.68004292384106E-08
7.68004292384106E-08
7.68004292384106E-08
7.68004292384106E-08
7.68004292384106E-08
7.68004292384106E-08
7.68004292384106E-08
7.68004292384106E-08
7.68004292384106E-08
7.68004292384106E-08
7.68004292384106E-08
7.68004292384106E-08
7.68004292384106E-08
7.68004292384106E-08
6.06642568401483E-08
6.06642568401483E-08
6.06642568401483E-08
6.06642568401483E-08
6.06642568401483E-08
6.06642568401483E-08
6.06642568401483E-08
6.06642568401483E-08
6.06642568401483E-08
6.06642568401483E-08
6.06642568401483E-08
6.06642568401483E-08
6.06642568401483E-08
1.4961921368517E-08
1.4961921368517E-08
1.4961921368517E-08
1.4961921368517E-08
1.4961921368517E-08
1.4961921368517E-08
1.4961921368517E-08
1.4961921368517E-08
1.4961921368517E-08
1.4961921368517E-08
1.4961921368517E-08
1.4961921368517E-08
1.4961921368517E-08
1.4961921368517E-08
1.4961921368517E-08
1.4961921368517E-08
1.4961921368517E-08
1.4961921368517E-08
1.4961921368517E-08
1.4961921368517E-08
1.4961921368517E-08
1.4961921368517E-08
1.4961921368517E-08
1.4961921368517E-08
1.4961921368517E-08
1.4961921368517E-08
1.4961921368517E-08
1.4961921368517E-08
1.4961921368517E-08
1.4961921368517E-08
1.4961921368517E-08
1.4961921368517E-08
1.4961921368517E-08
1.4961921368517E-08
1.4961921368517E-08
1.4961921368517E-08
1.4961921368517E-08
1.4961921368517E-08
1.4961921368517E-08
1.4961921368517E-08
1.4961921368517E-08
1.4961921368517E-08
1.4961921368517E-08
1.4961921368517E-08
1.4961921368517E-08
1.4961921368517E-08
1.4961921368517E-08
1.4961921368517E-08
1.4961921368517E-08
1.4961921368517E-08
1.4961921368517E-08
1.4961921368517E-08
1.4961921368517E-08
1.4961921368517E-08
1.4961921368517E-08
1.4961921368517E-08
1.4961921368517E-08
1.4961921368517E-08
1.4961921368517E-08
1.4961921368517E-08
1.4961921368517E-08
1.4961921368517E-08
1.4961921368517E-08
1.4961921368517E-08
1.4961921368517E-08
1.4961921368517E-08
1.4961921368517E-08
1.4961921368517E-08
1.4961921368517E-08
1.4961921368517E-08
1.4961921368517E-08
1.4961921368517E-08
1.4961921368517E-08
1.4961921368517E-08
1.4961921368517E-08
1.4961921368517E-08
1.4961921368517E-08
1.4961921368517E-08
1.4961921368517E-08
1.4961921368517E-08
1.4961921368517E-08
1.4961921368517E-08
1.43171404731746E-08
1.43171404731746E-08
1.43171404731746E-08
1.43171404731746E-08
1.43171404731746E-08
1.43171404731746E-08
1.43171404731746E-08
1.43171404731746E-08
1.43171404731746E-08
1.43171404731746E-08
1.43171404731746E-08
1.43171404731746E-08
1.43171404731746E-08
1.43171404731746E-08
1.43171404731746E-08
1.43171404731746E-08
1.43171404731746E-08
1.43171404731746E-08
1.43171404731746E-08
1.43171404731746E-08
1.43171404731746E-08
1.43171404731746E-08
1.43171404731746E-08
6.28189122942047E-09
6.28189122942047E-09
6.28189122942047E-09
6.28189122942047E-09
6.28189122942047E-09
6.28189122942047E-09
6.28189122942047E-09
6.28189122942047E-09
6.28189122942047E-09
6.28189122942047E-09
6.28189122942047E-09
6.28189122942047E-09
2.14820661259552E-09
2.14820661259552E-09
2.14820661259552E-09
2.14820661259552E-09
2.14820661259552E-09
2.14820661259552E-09
2.14820661259552E-09
2.14820661259552E-09
2.14820661259552E-09
2.14820661259552E-09
2.14820661259552E-09
2.14820661259552E-09
2.14820661259552E-09
2.14820661259552E-09
2.14820661259552E-09
2.14820661259552E-09
2.14820661259552E-09
2.14820661259552E-09
2.14820661259552E-09
2.14820661259552E-09
2.14820661259552E-09
2.14820661259552E-09

