0.199427424694383
0.130417237839361
0.0898596985977309
0.0580481026537166
0.0242606499475424
0.0219863253423739
0.0219863253423739
0.0170256462083864
0.0131428672915865
0.0089852627373101
0.00847565996361938
0.00687894061448097
0.00216358709646891
0.00216358709646891
0.0012750840584943
0.000957294615078097
0.000790031898722454
0.000790031898722454
0.000790031898722454
0.000790031898722454
0.00031304423142875
0.00031304423142875
0.00031304423142875
0.00031304423142875
0.00031304423142875
0.00031304423142875
0.00031304423142875
0.00031304423142875
0.00031304423142875
0.000222135943881208
0.000222135943881208
0.000222135943881208
0.000222135943881208
0.000222135943881208
0.000222135943881208
0.000222135943881208
0.000222135943881208
0.00017940759691687
0.00017940759691687
0.00017940759691687
0.000145866093872626
0.000145866093872626
0.000145866093872626
0.000145866093872626
0.000145866093872626
0.000145866093872626
0.000145866093872626
0.000145866093872626
0.000143156382883813
0.000134834090422531
8.42056660704804E-05
6.7135702768506E-05
6.7135702768506E-05
6.7135702768506E-05
2.49413713187541E-05
2.49413713187541E-05
2.49413713187541E-05
2.49413713187541E-05
2.49413713187541E-05
2.49413713187541E-05
2.49413713187541E-05
2.49413713187541E-05
2.05193737901621E-05
1.66554933964114E-05
1.66554933964114E-05
1.66554933964114E-05
1.66554933964114E-05
1.66554933964114E-05
1.66554933964114E-05
1.66554933964114E-05
1.66554933964114E-05
1.66554933964114E-05
1.66554933964114E-05
1.66554933964114E-05
1.66554933964114E-05
1.66554933964114E-05
1.66554933964114E-05
1.66554933964114E-05
1.66554933964114E-05
1.66554933964114E-05
1.66554933964114E-05
1.66554933964114E-05
4.21418138757401E-06
4.21418138757401E-06
4.21418138757401E-06
4.21418138757401E-06
4.21418138757401E-06
4.21418138757401E-06
4.21418138757401E-06
4.21418138757401E-06
4.21418138757401E-06
4.21418138757401E-06
4.21418138757401E-06
4.21418138757401E-06
4.21418138757401E-06
4.21418138757401E-06
4.21418138757401E-06
4.21418138757401E-06
4.21418138757401E-06
4.21418138757401E-06
4.21418138757401E-06
4.21418138757401E-06
4.21418138757401E-06
4.21418138757401E-06
4.21418138757401E-06
4.21418138757401E-06
4.21418138757401E-06
4.21418138757401E-06
4.21418138757401E-06
4.21418138757401E-06
4.21418138757401E-06
3.19719607627666E-06
3.19719607627666E-06
3.19719607627666E-06
3.19719607627666E-06
3.19719607627666E-06
3.19719607627666E-06
1.55903126941581E-06
1.55903126941581E-06
1.55903126941581E-06
1.55903126941581E-06
1.55903126941581E-06
1.55903126941581E-06
1.55903126941581E-06
1.55903126941581E-06
1.55903126941581E-06
1.55903126941581E-06
1.55903126941581E-06
1.55903126941581E-06
1.55903126941581E-06
1.55903126941581E-06
1.55903126941581E-06
1.55903126941581E-06
1.55903126941581E-06
1.55903126941581E-06
1.55903126941581E-06
1.55903126941581E-06
1.55903126941581E-06
1.55903126941581E-06
1.55903126941581E-06
1.55903126941581E-06
1.55903126941581E-06
1.55903126941581E-06
1.55903126941581E-06
1.55903126941581E-06
1.55903126941581E-06
1.55903126941581E-06
1.55903126941581E-06
1.55903126941581E-06
1.55903126941581E-06
1.55903126941581E-06
1.55903126941581E-06
1.55903126941581E-06
1.55903126941581E-06
1.55903126941581E-06
1.55903126941581E-06
9.71680942096764E-07
9.71680942096764E-07
9.71680942096764E-07
9.71680942096764E-07
9.71680942096764E-07
9.71680942096764E-07
9.71680942096764E-07
9.71680942096764E-07
9.17057960792E-07
9.17057960792E-07
9.17057960792E-07
9.17057960792E-07
9.17057960792E-07
9.17057960792E-07
9.17057960792E-07
9.17057960792E-07
9.17057960792E-07
8.38320488250055E-07
8.38320488250055E-07
8.38320488250055E-07
8.38320488250055E-07
8.38320488250055E-07
8.38320488250055E-07
8.38320488250055E-07
8.38320488250055E-07
8.38320488250055E-07
8.38320488250055E-07
8.38320488250055E-07
8.38320488250055E-07
8.38320488250055E-07
8.38320488250055E-07
8.38320488250055E-07
8.38320488250055E-07
8.38320488250055E-07
8.38320488250055E-07
6.09443087717931E-07
6.09443087717931E-07
6.09443087717931E-07
6.09443087717931E-07
6.09443087717931E-07
6.09443087717931E-07
6.09443087717931E-07
6.09443087717931E-07
6.09443087717931E-07
4.73819041779677E-07
4.73819041779677E-07
4.73819041779677E-07
4.73819041779677E-07
4.73819041779677E-07
4.73819041779677E-07
4.73819041779677E-07
4.73819041779677E-07
4.73819041779677E-07
4.73819041779677E-07
4.31612781459645E-07
4.31612781459645E-07
4.31612781459645E-07
4.31612781459645E-07
4.31612781459645E-07
4.31612781459645E-07
4.31612781459645E-07
4.31612781459645E-07
4.31612781459645E-07
4.31612781459645E-07
4.31612781459645E-07
4.31612781459645E-07
2.80686045850409E-07
2.60331684653892E-07
2.60331684653892E-07
2.60331684653892E-07
2.60331684653892E-07
2.60331684653892E-07
2.60331684653892E-07
2.60331684653892E-07
2.60331684653892E-07
2.60331684653892E-07
2.60331684653892E-07
2.60331684653892E-07
2.60331684653892E-07
2.60331684653892E-07
2.60331684653892E-07
2.60331684653892E-07
2.60331684653892E-07
2.60331684653892E-07
1.09276680260173E-07
1.09276680260173E-07
1.09276680260173E-07
1.09276680260173E-07
1.09276680260173E-07
1.09276680260173E-07
1.09276680260173E-07
1.09276680260173E-07
1.09276680260173E-07
1.02813327906848E-07
1.02813327906848E-07
1.02813327906848E-07
1.02813327906848E-07
1.02813327906848E-07
1.02813327906848E-07
1.02813327906848E-07
1.02813327906848E-07
1.02813327906848E-07
1.02813327906848E-07
1.02813327906848E-07
1.02813327906848E-07
1.02813327906848E-07
1.02813327906848E-07
1.02813327906848E-07
1.02813327906848E-07
1.02813327906848E-07
1.02813327906848E-07
1.02813327906848E-07
1.02813327906848E-07
1.02813327906848E-07
1.02813327906848E-07
1.02813327906848E-07
1.02813327906848E-07
1.02813327906848E-07
1.02813327906848E-07
1.02813327906848E-07
1.02813327906848E-07
1.02813327906848E-07
1.02813327906848E-07
1.02813327906848E-07
1.02813327906848E-07
1.02813327906848E-07
1.02813327906848E-07
1.02813327906848E-07
1.02813327906848E-07
1.02813327906848E-07
1.02813327906848E-07
1.02813327906848E-07
1.02813327906848E-07
1.02813327906848E-07
1.02813327906848E-07
1.02813327906848E-07
1.02813327906848E-07
1.02813327906848E-07
1.02813327906848E-07
1.02813327906848E-07
1.02813327906848E-07
1.02813327906848E-07
1.02813327906848E-07
1.02813327906848E-07
1.02813327906848E-07
1.02813327906848E-07
1.02813327906848E-07
5.86366354360379E-08
5.86366354360379E-08
5.86366354360379E-08
5.86366354360379E-08
5.86366354360379E-08
5.86366354360379E-08
5.86366354360379E-08
5.86366354360379E-08
5.86366354360379E-08
5.86366354360379E-08
5.86366354360379E-08
5.86366354360379E-08
5.86366354360379E-08
5.86366354360379E-08
5.86366354360379E-08
5.86366354360379E-08
5.86366354360379E-08
5.86366354360379E-08
5.86366354360379E-08
5.86366354360379E-08
5.86366354360379E-08
5.86366354360379E-08
4.09194000905444E-08
4.09194000905444E-08
4.09194000905444E-08
4.09194000905444E-08
4.09194000905444E-08
4.09194000905444E-08
4.09194000905444E-08
4.09194000905444E-08
4.09194000905444E-08
4.09194000905444E-08
4.09194000905444E-08
4.09194000905444E-08
4.09194000905444E-08
4.09194000905444E-08
4.09194000905444E-08
4.09194000905444E-08
4.09194000905444E-08
2.2803350430145E-08
2.2803350430145E-08
2.2803350430145E-08
2.2803350430145E-08
2.2803350430145E-08
2.2803350430145E-08
2.2803350430145E-08
2.2803350430145E-08
2.2803350430145E-08
2.2803350430145E-08
2.2803350430145E-08
2.2803350430145E-08
2.2803350430145E-08
2.2803350430145E-08
2.2803350430145E-08
2.2803350430145E-08
2.2803350430145E-08
2.2803350430145E-08
2.2803350430145E-08
2.2803350430145E-08
2.2803350430145E-08
2.2803350430145E-08
2.2803350430145E-08
2.2803350430145E-08
2.2803350430145E-08
2.2803350430145E-08
2.2803350430145E-08
2.2803350430145E-08
2.2803350430145E-08
2.2803350430145E-08
1.5755823312702E-08
1.5755823312702E-08
1.5755823312702E-08
1.5755823312702E-08
1.5755823312702E-08
1.5755823312702E-08
1.5755823312702E-08
1.5755823312702E-08
1.5755823312702E-08
1.5755823312702E-08
1.5755823312702E-08
1.5755823312702E-08
1.5755823312702E-08
1.5755823312702E-08
1.5755823312702E-08
1.5755823312702E-08
1.5755823312702E-08
1.5755823312702E-08
1.5755823312702E-08
6.03162686463321E-09
6.03162686463321E-09
6.03162686463321E-09
6.03162686463321E-09
6.03162686463321E-09
6.03162686463321E-09
6.03162686463321E-09
6.03162686463321E-09
6.03162686463321E-09
6.03162686463321E-09
6.03162686463321E-09
6.03162686463321E-09
6.03162686463321E-09
5.83660664243979E-09
5.83660664243979E-09
5.83660664243979E-09
5.83660664243979E-09
5.83660664243979E-09
5.83660664243979E-09
5.83660664243979E-09
5.83660664243979E-09
5.83660664243979E-09
5.83660664243979E-09
5.83660664243979E-09
5.83660664243979E-09
5.83660664243979E-09
5.83660664243979E-09
5.83660664243979E-09
5.83660664243979E-09
5.83660664243979E-09
5.83660664243979E-09
5.83660664243979E-09
5.83660664243979E-09
5.83660664243979E-09
5.83660664243979E-09
5.83660664243979E-09
5.83660664243979E-09
5.83660664243979E-09
5.83660664243979E-09
5.83660664243979E-09
5.83660664243979E-09
5.83660664243979E-09
5.83660664243979E-09
5.83660664243979E-09
5.83660664243979E-09
5.83660664243979E-09
4.52770676506731E-09
4.52770676506731E-09
4.52770676506731E-09
4.52770676506731E-09
4.52770676506731E-09
4.52770676506731E-09
4.52770676506731E-09
4.52770676506731E-09
4.52770676506731E-09
4.52770676506731E-09
4.52770676506731E-09
4.52770676506731E-09
4.52770676506731E-09
4.52770676506731E-09
4.52770676506731E-09
4.52770676506731E-09
4.52770676506731E-09
4.52770676506731E-09
4.52770676506731E-09
4.52770676506731E-09
4.52770676506731E-09
4.52770676506731E-09
4.52770676506731E-09
4.52770676506731E-09
4.52770676506731E-09
4.52770676506731E-09
4.52770676506731E-09
4.52770676506731E-09
4.52770676506731E-09
4.52770676506731E-09
4.52770676506731E-09
4.52770676506731E-09
4.52770676506731E-09
4.52770676506731E-09
4.52770676506731E-09
4.52770676506731E-09
4.52770676506731E-09
4.52770676506731E-09
4.52770676506731E-09
4.52770676506731E-09
4.52770676506731E-09
4.52770676506731E-09
4.52770676506731E-09
4.52770676506731E-09
4.52770676506731E-09
4.52770676506731E-09
4.52770676506731E-09
4.52770676506731E-09
4.52770676506731E-09
4.52770676506731E-09
4.52770676506731E-09
4.52770676506731E-09
4.52770676506731E-09
4.52770676506731E-09
4.43610548295226E-09
4.43610548295226E-09
4.43610548295226E-09
4.43610548295226E-09
4.43610548295226E-09
4.43610548295226E-09
4.43610548295226E-09
4.43610548295226E-09
4.43610548295226E-09

