0.0731899439923653
0.0731899439923653
0.0329203035079217
0.0329203035079217
0.0319509696555428
0.0319509696555428
0.0319509696555428
0.0319509696555428
0.0196097234328586
0.0196097234328586
0.0196097234328586
0.015132119189741
0.015132119189741
0.0103763602643737
0.0103763602643737
0.0103763602643737
0.0103763602643737
0.010350638522616
0.00557631035707151
0.00557631035707151
0.00201944101105533
0.00186598675616922
0.00186598675616922
0.00186598675616922
0.00186598675616922
0.0014388265024291
0.0014388265024291
0.000462551366002706
0.000462551366002706
0.000462551366002706
0.000462551366002706
0.000462551366002706
0.000462551366002706
0.000134994231766106
0.000134994231766106
0.000134994231766106
0.000134994231766106
0.000134994231766106
0.000134994231766106
9.8995379790745E-05
9.8995379790745E-05
9.8995379790745E-05
9.8995379790745E-05
9.8995379790745E-05
9.8995379790745E-05
6.84832339934438E-05
6.84832339934438E-05
5.76692699730819E-05
5.76692699730819E-05
2.66566466311513E-06
2.66566466311513E-06
2.66566466311513E-06
2.66566466311513E-06
2.66566466311513E-06
2.66566466311513E-06
2.66566466311513E-06
2.66566466311513E-06
2.66566466311513E-06
2.66566466311513E-06
2.66566466311513E-06
2.66566466311513E-06
2.66566466311513E-06
2.66566466311513E-06
2.66566466311513E-06
2.66566466311513E-06
2.66566466311513E-06
2.66566466311513E-06
2.66566466311513E-06
2.66566466311513E-06
2.66566466311513E-06
2.66566466311513E-06
2.66566466311513E-06
2.66566466311513E-06
2.66566466311513E-06
2.66566466311513E-06
2.66566466311513E-06
2.66566466311513E-06
2.66566466311513E-06
2.66566466311513E-06
1.14421809027654E-06
1.14421809027654E-06
1.14421809027654E-06
1.14421809027654E-06
1.14421809027654E-06
1.14421809027654E-06
1.14421809027654E-06
1.14421809027654E-06
1.14421809027654E-06
1.14421809027654E-06
1.14421809027654E-06
1.14421809027654E-06
1.14421809027654E-06
1.14421809027654E-06
1.14421809027654E-06
8.69666028080474E-07
8.69666028080474E-07
8.69666028080474E-07
8.69666028080474E-07
8.69666028080474E-07
8.69666028080474E-07
8.69666028080474E-07
8.69666028080474E-07
8.69666028080474E-07
5.99445458493442E-07
5.99445458493442E-07
5.99445458493442E-07
5.99445458493442E-07
5.99445458493442E-07
5.99445458493442E-07
5.99445458493442E-07
5.99445458493442E-07
5.99445458493442E-07
5.99445458493442E-07
5.99445458493442E-07
5.99445458493442E-07
5.99445458493442E-07
5.99445458493442E-07
5.99445458493442E-07
5.99445458493442E-07
5.99445458493442E-07
5.99445458493442E-07
5.99445458493442E-07
5.99445458493442E-07
5.99445458493442E-07
5.99445458493442E-07
5.99445458493442E-07
5.99445458493442E-07
5.99445458493442E-07
5.99445458493442E-07
5.99445458493442E-07
5.99445458493442E-07
5.99445458493442E-07
5.99445458493442E-07
5.99445458493442E-07
5.99445458493442E-07
5.99445458493442E-07
5.99445458493442E-07
5.99445458493442E-07
5.99445458493442E-07
5.99445458493442E-07
5.99445458493442E-07
5.99445458493442E-07
5.99445458493442E-07
5.99445458493442E-07
5.99445458493442E-07
5.99445458493442E-07
5.99445458493442E-07
5.99445458493442E-07
5.99445458493442E-07
5.99445458493442E-07
5.99445458493442E-07
5.99445458493442E-07
5.99445458493442E-07
5.99445458493442E-07
5.99445458493442E-07
5.99445458493442E-07
5.99445458493442E-07
5.99445458493442E-07
5.99445458493442E-07
5.99445458493442E-07
2.62949640061905E-07
2.62949640061905E-07
2.62949640061905E-07
2.62949640061905E-07
2.62949640061905E-07
2.62949640061905E-07
2.62949640061905E-07
2.62949640061905E-07
2.62949640061905E-07
2.62949640061905E-07
2.62949640061905E-07
2.62949640061905E-07
2.62949640061905E-07
2.62949640061905E-07
2.62949640061905E-07
2.62949640061905E-07
2.62949640061905E-07
2.62949640061905E-07
2.31678821127623E-07
2.31678821127623E-07
2.31678821127623E-07
2.31678821127623E-07
2.31678821127623E-07
2.31678821127623E-07
2.31678821127623E-07
2.31678821127623E-07
2.31678821127623E-07
2.31678821127623E-07
2.31678821127623E-07
2.31678821127623E-07
2.31678821127623E-07
2.31678821127623E-07
2.31678821127623E-07
2.31678821127623E-07
2.31678821127623E-07
2.31678821127623E-07
2.31678821127623E-07
2.31678821127623E-07
2.31678821127623E-07
2.31678821127623E-07
2.31678821127623E-07
2.31678821127623E-07
2.31678821127623E-07
2.31678821127623E-07
2.31678821127623E-07
2.31678821127623E-07
2.31678821127623E-07
2.31678821127623E-07
2.31678821127623E-07
2.31678821127623E-07
2.31678821127623E-07
2.31678821127623E-07
2.31678821127623E-07
2.31678821127623E-07
2.31678821127623E-07
2.31678821127623E-07
2.31678821127623E-07
2.31678821127623E-07
2.31678821127623E-07
2.31678821127623E-07
2.31678821127623E-07
2.31678821127623E-07
2.31678821127623E-07
2.31678821127623E-07
2.31678821127623E-07
2.31678821127623E-07
2.31678821127623E-07
2.31678821127623E-07
2.31678821127623E-07
2.31678821127623E-07
2.31678821127623E-07
2.31678821127623E-07
2.31678821127623E-07
2.31678821127623E-07
2.31678821127623E-07
2.31678821127623E-07
2.31678821127623E-07
2.31678821127623E-07
2.31678821127623E-07
2.31678821127623E-07
2.31678821127623E-07
2.31678821127623E-07
2.31678821127623E-07
2.31678821127623E-07
2.31678821127623E-07
1.5665180674862E-07
1.5665180674862E-07
1.5665180674862E-07
1.5665180674862E-07
1.5665180674862E-07
1.5665180674862E-07
1.5665180674862E-07
1.5665180674862E-07
1.5665180674862E-07
1.5665180674862E-07
1.5665180674862E-07
1.5665180674862E-07
1.5665180674862E-07
1.5665180674862E-07
1.5665180674862E-07
1.5665180674862E-07
1.5665180674862E-07
1.5665180674862E-07
1.5665180674862E-07
1.5665180674862E-07
1.5665180674862E-07
1.5665180674862E-07
1.5665180674862E-07
1.5665180674862E-07
1.5665180674862E-07
1.5665180674862E-07
1.5665180674862E-07
1.5665180674862E-07
1.5665180674862E-07
1.46927850552814E-07
1.46927850552814E-07
1.46927850552814E-07
1.46927850552814E-07
1.44876631802404E-07
1.44876631802404E-07
1.44876631802404E-07
6.52358933539432E-08
6.52358933539432E-08
6.52358933539432E-08
6.52358933539432E-08
6.52358933539432E-08
6.52358933539432E-08
6.52358933539432E-08
6.52358933539432E-08
6.52358933539432E-08
4.90340679171197E-08
4.90340679171197E-08
4.90340679171197E-08
4.90340679171197E-08
4.90340679171197E-08
4.90340679171197E-08
4.90340679171197E-08
4.90340679171197E-08
4.90340679171197E-08
4.90340679171197E-08
4.90340679171197E-08
4.90340679171197E-08
4.90340679171197E-08
4.90340679171197E-08
4.90340679171197E-08
4.90340679171197E-08
4.90340679171197E-08
4.90340679171197E-08
4.90340679171197E-08
3.74871144126487E-08
3.74871144126487E-08
3.74871144126487E-08
3.74871144126487E-08
3.74871144126487E-08
3.15920568594308E-08
3.15920568594308E-08
3.15920568594308E-08
3.15920568594308E-08
3.15920568594308E-08
3.15920568594308E-08
3.15920568594308E-08
3.15920568594308E-08
3.15920568594308E-08
3.15920568594308E-08
3.15920568594308E-08
3.15920568594308E-08
3.15920568594308E-08
3.15920568594308E-08
3.15920568594308E-08
3.15920568594308E-08
3.15920568594308E-08
3.15920568594308E-08
3.15920568594308E-08
3.15920568594308E-08
3.15920568594308E-08
3.15920568594308E-08
3.15920568594308E-08
3.15920568594308E-08
3.15920568594308E-08
3.15920568594308E-08
3.15920568594308E-08
3.15920568594308E-08
3.15920568594308E-08
3.15920568594308E-08
3.15920568594308E-08
3.15920568594308E-08
3.15920568594308E-08
3.15920568594308E-08
3.15920568594308E-08
3.15920568594308E-08
3.15920568594308E-08
3.15920568594308E-08
3.15920568594308E-08
3.15920568594308E-08
3.15920568594308E-08
3.15920568594308E-08
3.15920568594308E-08
2.98490768768644E-08
2.98490768768644E-08
2.98490768768644E-08
2.98490768768644E-08
2.98490768768644E-08
2.98490768768644E-08
2.98490768768644E-08
2.98490768768644E-08
1.85256253670829E-08
1.85256253670829E-08
1.85256253670829E-08
1.85256253670829E-08
1.85256253670829E-08
1.85256253670829E-08
1.85256253670829E-08
1.85256253670829E-08
1.85256253670829E-08
1.85256253670829E-08
1.85256253670829E-08
1.85256253670829E-08
1.85256253670829E-08
1.85256253670829E-08
1.85256253670829E-08
1.53515455902919E-08
1.53515455902919E-08
1.53515455902919E-08
1.53515455902919E-08
1.53515455902919E-08
1.53515455902919E-08
1.53515455902919E-08
1.53515455902919E-08
1.53515455902919E-08
1.53515455902919E-08
1.53515455902919E-08
1.53515455902919E-08
1.53515455902919E-08
1.53515455902919E-08
1.53515455902919E-08
1.53515455902919E-08
1.53515455902919E-08
1.53515455902919E-08
1.53515455902919E-08
1.53515455902919E-08
1.53515455902919E-08
1.53515455902919E-08
1.53515455902919E-08
1.53515455902919E-08
1.53515455902919E-08
1.53515455902919E-08
1.53515455902919E-08
1.53515455902919E-08
1.53515455902919E-08
1.53515455902919E-08
1.53515455902919E-08
1.53515455902919E-08
1.53515455902919E-08
1.53515455902919E-08
1.53515455902919E-08
5.73569036710353E-09
5.73569036710353E-09
5.73569036710353E-09
5.73569036710353E-09
5.73569036710353E-09
5.73569036710353E-09
5.73569036710353E-09
5.73569036710353E-09
5.73569036710353E-09
5.73569036710353E-09
5.73569036710353E-09
5.73569036710353E-09
5.73569036710353E-09
5.73569036710353E-09
5.73569036710353E-09
5.73569036710353E-09
5.73569036710353E-09
5.73569036710353E-09
5.73569036710353E-09
5.73569036710353E-09
5.73569036710353E-09
5.73569036710353E-09
5.73569036710353E-09
5.73569036710353E-09
3.05407754641607E-09
3.05407754641607E-09
3.05407754641607E-09
3.05407754641607E-09
3.05407754641607E-09
3.05407754641607E-09
3.05407754641607E-09
3.05407754641607E-09
3.05407754641607E-09
3.05407754641607E-09
3.05407754641607E-09
3.05407754641607E-09
3.05407754641607E-09
3.05407754641607E-09
3.05407754641607E-09
3.05407754641607E-09
3.05407754641607E-09
3.05407754641607E-09
3.05407754641607E-09
3.05407754641607E-09
3.05407754641607E-09
3.05407754641607E-09
3.05407754641607E-09
3.05407754641607E-09
3.05407754641607E-09
3.05407754641607E-09
3.05407754641607E-09
3.05407754641607E-09
3.05407754641607E-09
3.05407754641607E-09
3.05407754641607E-09
3.05407754641607E-09
3.05407754641607E-09
3.05407754641607E-09
3.05407754641607E-09
3.05407754641607E-09
3.05407754641607E-09
3.05407754641607E-09
3.05407754641607E-09
3.05407754641607E-09
3.05407754641607E-09
3.05407754641607E-09
3.05407754641607E-09
3.05407754641607E-09
3.05407754641607E-09
3.05407754641607E-09
3.05407754641607E-09
3.05407754641607E-09
3.05407754641607E-09
3.05407754641607E-09
1.749979716692E-09
1.749979716692E-09
9.55551304748781E-10
9.55551304748781E-10
9.55551304748781E-10
9.55551304748781E-10
9.55551304748781E-10
9.55551304748781E-10
9.55551304748781E-10
9.55551304748781E-10
9.55551304748781E-10

