0.19786213262778
0.0882058809285677
0.0882058809285677
0.0585194502732872
0.0519134512734339
0.0320960678953796
0.0305699410510663
0.026302979784907
0.0249438835992787
0.0249438835992787
0.0249438835992787
0.0249438835992787
0.0142594243724943
0.0142594243724943
0.00981603078906222
0.00800849248540397
0.00261558825890068
0.00261558825890068
0.00261558825890068
0.00261558825890068
0.00261558825890068
0.00261558825890068
0.00261558825890068
0.00125366107975877
0.00125366107975877
0.00125366107975877
0.00122580216659018
0.00122580216659018
0.00122580216659018
0.000639872257455321
0.000639872257455321
0.000638709140878935
0.00031692457521787
0.00031692457521787
0.000270690950380126
0.000270690950380126
0.000270690950380126
0.000270690950380126
0.000270690950380126
0.000270690950380126
0.000270690950380126
0.000270690950380126
0.000270690950380126
0.000270690950380126
0.000270690950380126
0.000270690950380126
0.000270690950380126
0.000270690950380126
0.000270690950380126
0.000270690950380126
0.000270690950380126
0.000122437647273266
0.000122437647273266
0.000122437647273266
0.000122437647273266
0.000122437647273266
0.000122437647273266
0.000122437647273266
0.000122437647273266
0.000122437647273266
0.000122437647273266
0.000122437647273266
0.000122437647273266
0.000122437647273266
8.33176819330372E-05
8.33176819330372E-05
8.33176819330372E-05
8.33176819330372E-05
8.33176819330372E-05
8.33176819330372E-05
8.33176819330372E-05
8.33176819330372E-05
8.33176819330372E-05
8.33176819330372E-05
8.33176819330372E-05
8.08505439977014E-05
8.08505439977014E-05
8.08505439977014E-05
8.08505439977014E-05
8.08505439977014E-05
8.08505439977014E-05
8.08505439977014E-05
8.08505439977014E-05
4.34937220848974E-05
4.34937220848974E-05
4.34937220848974E-05
4.34937220848974E-05
4.34937220848974E-05
4.34937220848974E-05
4.34937220848974E-05
4.34937220848974E-05
4.34937220848974E-05
4.34937220848974E-05
4.34937220848974E-05
4.34937220848974E-05
4.34937220848974E-05
4.34937220848974E-05
4.34937220848974E-05
4.34937220848974E-05
4.34937220848974E-05
2.77154645294542E-05
5.74847660522737E-06
5.74847660522737E-06
5.74847660522737E-06
5.74847660522737E-06
5.74847660522737E-06
5.74847660522737E-06
5.74847660522737E-06
5.74847660522737E-06
5.74847660522737E-06
5.74847660522737E-06
5.74847660522737E-06
5.74847660522737E-06
5.74847660522737E-06
5.74847660522737E-06
5.74847660522737E-06
5.74847660522737E-06
5.74847660522737E-06
5.74847660522737E-06
5.74847660522737E-06
5.74847660522737E-06
5.74847660522737E-06
5.74847660522737E-06
5.74847660522737E-06
5.74847660522737E-06
5.74847660522737E-06
5.74847660522737E-06
5.74847660522737E-06
5.74847660522737E-06
5.74847660522737E-06
5.74847660522737E-06
5.74847660522737E-06
2.30940952500314E-06
2.30940952500314E-06
2.30940952500314E-06
2.30940952500314E-06
2.30940952500314E-06
2.30940952500314E-06
2.30940952500314E-06
2.30940952500314E-06
2.30940952500314E-06
2.30940952500314E-06
2.30940952500314E-06
2.30940952500314E-06
2.30940952500314E-06
2.30940952500314E-06
2.30940952500314E-06
2.30940952500314E-06
2.30940952500314E-06
2.30940952500314E-06
2.30940952500314E-06
2.30940952500314E-06
2.30940952500314E-06
1.62345994381141E-06
1.54565869353585E-06
1.54565869353585E-06
1.54565869353585E-06
1.54565869353585E-06
1.54565869353585E-06
1.54565869353585E-06
1.54565869353585E-06
1.54565869353585E-06
1.54565869353585E-06
1.54565869353585E-06
1.54565869353585E-06
1.54565869353585E-06
1.54565869353585E-06
1.54565869353585E-06
1.54565869353585E-06
1.54565869353585E-06
1.54565869353585E-06
1.54565869353585E-06
1.54565869353585E-06
1.54565869353585E-06
1.54565869353585E-06
1.54565869353585E-06
1.28219745704206E-06
1.28219745704206E-06
1.28219745704206E-06
1.28219745704206E-06
1.28219745704206E-06
1.28219745704206E-06
1.28219745704206E-06
1.28219745704206E-06
1.28219745704206E-06
1.28219745704206E-06
1.28219745704206E-06
1.28219745704206E-06
1.28219745704206E-06
1.28219745704206E-06
1.28219745704206E-06
1.28219745704206E-06
1.28219745704206E-06
1.28219745704206E-06
1.28219745704206E-06
1.28219745704206E-06
1.28219745704206E-06
1.28219745704206E-06
1.28219745704206E-06
1.28219745704206E-06
1.28219745704206E-06
1.28219745704206E-06
1.28219745704206E-06
1.28219745704206E-06
1.28219745704206E-06
1.28219745704206E-06
1.28219745704206E-06
1.28219745704206E-06
1.28219745704206E-06
1.28219745704206E-06
1.28219745704206E-06
1.28219745704206E-06
1.28219745704206E-06
1.28219745704206E-06
1.28219745704206E-06
1.28219745704206E-06
3.86085156456328E-07
3.86085156456328E-07
3.86085156456328E-07
3.86085156456328E-07
3.86085156456328E-07
3.86085156456328E-07
3.86085156456328E-07
3.86085156456328E-07
3.86085156456328E-07
3.86085156456328E-07
3.86085156456328E-07
3.86085156456328E-07
3.86085156456328E-07
3.86085156456328E-07
3.86085156456328E-07
1.00779089240444E-07
1.00779089240444E-07
1.00779089240444E-07
1.00779089240444E-07
1.00779089240444E-07
1.00779089240444E-07
1.00779089240444E-07
1.00779089240444E-07
1.00779089240444E-07
1.00779089240444E-07
1.00779089240444E-07
1.00779089240444E-07
1.00779089240444E-07
1.00779089240444E-07
1.00779089240444E-07
1.00779089240444E-07
1.00779089240444E-07
1.00779089240444E-07
1.00779089240444E-07
1.00779089240444E-07
1.00779089240444E-07
1.00779089240444E-07
1.00779089240444E-07
1.00779089240444E-07
1.00779089240444E-07
1.00779089240444E-07
1.00779089240444E-07
1.00779089240444E-07
1.00779089240444E-07
1.00779089240444E-07
6.00635897685109E-08
6.00635897685109E-08
6.00635897685109E-08
6.00635897685109E-08
6.00635897685109E-08
6.00635897685109E-08
6.00635897685109E-08
6.00635897685109E-08
6.00635897685109E-08
6.00635897685109E-08
6.00635897685109E-08
6.00635897685109E-08
6.00635897685109E-08
6.00635897685109E-08
6.00635897685109E-08
6.00635897685109E-08
6.00635897685109E-08
6.00635897685109E-08
6.00635897685109E-08
6.00635897685109E-08
6.00635897685109E-08
6.00635897685109E-08
6.00635897685109E-08
6.00635897685109E-08
6.00635897685109E-08
6.00635897685109E-08
6.00635897685109E-08
6.00635897685109E-08
6.00635897685109E-08
6.00635897685109E-08
6.00635897685109E-08
6.00635897685109E-08
6.00635897685109E-08
6.00635897685109E-08
6.00635897685109E-08
6.00635897685109E-08
6.00635897685109E-08
6.00635897685109E-08
6.00635897685109E-08
6.00635897685109E-08
6.00635897685109E-08
6.00635897685109E-08
6.00635897685109E-08
6.00635897685109E-08
6.00635897685109E-08
6.00635897685109E-08
6.00635897685109E-08
6.00635897685109E-08
6.00635897685109E-08
6.00635897685109E-08
6.00635897685109E-08
6.00635897685109E-08
6.00635897685109E-08
6.00635897685109E-08
6.00635897685109E-08
3.75765626947633E-08
3.75765626947633E-08
3.75765626947633E-08
3.75765626947633E-08
3.75765626947633E-08
3.75765626947633E-08
3.75765626947633E-08
3.75765626947633E-08
3.75765626947633E-08
3.75765626947633E-08
3.75765626947633E-08
3.75765626947633E-08
3.75765626947633E-08
3.75765626947633E-08
3.75765626947633E-08
3.75765626947633E-08
3.75765626947633E-08
3.75765626947633E-08
3.75765626947633E-08
3.75765626947633E-08
3.75765626947633E-08
3.75765626947633E-08
3.75765626947633E-08
3.75765626947633E-08
3.75765626947633E-08
3.75765626947633E-08
3.75765626947633E-08
3.75765626947633E-08
3.75765626947633E-08
3.75765626947633E-08
3.75765626947633E-08
3.75765626947633E-08
3.75765626947633E-08
3.75765626947633E-08
3.75765626947633E-08
3.75765626947633E-08
3.75765626947633E-08
3.75765626947633E-08
3.75765626947633E-08
3.75765626947633E-08
3.75765626947633E-08
3.75765626947633E-08
3.75765626947633E-08
3.75765626947633E-08
3.75765626947633E-08
3.75765626947633E-08
3.75765626947633E-08
3.75765626947633E-08
3.75765626947633E-08
3.75765626947633E-08
3.75765626947633E-08
3.75765626947633E-08
3.75765626947633E-08
3.75765626947633E-08
3.75765626947633E-08
3.75765626947633E-08
3.75765626947633E-08
3.75765626947633E-08
3.75765626947633E-08
3.75765626947633E-08
3.75765626947633E-08
3.75765626947633E-08
3.75765626947633E-08
3.75765626947633E-08
3.75765626947633E-08
3.75765626947633E-08
3.75765626947633E-08
3.75765626947633E-08
3.75765626947633E-08
3.75765626947633E-08
3.75765626947633E-08
3.75765626947633E-08
3.75765626947633E-08
3.75765626947633E-08
3.75765626947633E-08
3.75765626947633E-08
3.75765626947633E-08
3.75765626947633E-08
1.41876183579193E-08
1.41876183579193E-08
1.41876183579193E-08
1.41876183579193E-08
1.41876183579193E-08
1.41876183579193E-08
1.41876183579193E-08
1.41876183579193E-08
1.41876183579193E-08
1.41876183579193E-08
1.41876183579193E-08
1.41876183579193E-08
1.41876183579193E-08
1.41876183579193E-08
1.41876183579193E-08
1.41876183579193E-08
1.41876183579193E-08
1.41876183579193E-08
1.41876183579193E-08
1.41876183579193E-08
1.41876183579193E-08
1.41876183579193E-08
1.41876183579193E-08
1.41876183579193E-08
1.41876183579193E-08
1.41876183579193E-08
1.41876183579193E-08
1.41876183579193E-08
1.41876183579193E-08
1.41876183579193E-08
1.41876183579193E-08
1.41876183579193E-08
1.41876183579193E-08
1.41876183579193E-08
1.41876183579193E-08
1.41876183579193E-08
1.41876183579193E-08
1.41876183579193E-08
1.41876183579193E-08
1.41876183579193E-08
1.41876183579193E-08
1.41876183579193E-08
1.41876183579193E-08
1.08990271252551E-08
1.08990271252551E-08
1.08990271252551E-08
1.08990271252551E-08
1.08990271252551E-08
1.08990271252551E-08
1.08990271252551E-08
1.08990271252551E-08
1.08990271252551E-08
1.08990271252551E-08
1.08990271252551E-08
6.90591117624706E-09
6.90591117624706E-09
6.90591117624706E-09
6.90591117624706E-09
6.90591117624706E-09
6.90591117624706E-09
6.90591117624706E-09
6.90591117624706E-09
6.90591117624706E-09
6.90591117624706E-09
6.90591117624706E-09
6.90591117624706E-09
6.90591117624706E-09
6.90591117624706E-09
6.90591117624706E-09
6.90591117624706E-09
6.90591117624706E-09
6.18062295787425E-09
6.18062295787425E-09
6.18062295787425E-09
6.18062295787425E-09
6.18062295787425E-09
6.18062295787425E-09
6.18062295787425E-09
6.18062295787425E-09
6.18062295787425E-09
5.77212549979222E-09
5.77212549979222E-09
5.77212549979222E-09
5.77212549979222E-09
5.77212549979222E-09
5.77212549979222E-09
5.77212549979222E-09
5.77212549979222E-09
1.52698348410141E-09
1.52698348410141E-09
1.52698348410141E-09
1.52698348410141E-09
1.52698348410141E-09
1.52698348410141E-09
1.46130602063366E-09
1.46130602063366E-09
1.46130602063366E-09
1.46130602063366E-09
1.46130602063366E-09
1.46130602063366E-09
1.46130602063366E-09
1.46130602063366E-09
1.46130602063366E-09
1.46130602063366E-09
1.46130602063366E-09
1.46130602063366E-09

