0.0550234051571288
0.0550234051571288
0.0550234051571288
0.00281705305335067
0.00281705305335067
0.00281705305335067
0.00281705305335067
0.00281705305335067
0.00281705305335067
0.00281705305335067
0.00281705305335067
0.00281705305335067
0.00281705305335067
0.00281705305335067
0.00281705305335067
0.00281705305335067
0.00281705305335067
0.00281705305335067
0.00281705305335067
0.00281705305335067
0.00215695330266186
0.00215695330266186
0.00215695330266186
0.00215695330266186
0.00160474851649872
0.00160474851649872
0.00160474851649872
0.00106156574691241
0.000914046368446719
0.000780539306938999
0.00010342397813734
0.00010342397813734
0.00010342397813734
0.00010342397813734
0.00010342397813734
0.00010342397813734
0.00010342397813734
0.00010342397813734
0.00010342397813734
0.00010342397813734
0.00010342397813734
0.00010342397813734
0.00010342397813734
0.00010342397813734
0.00010342397813734
7.71734851718886E-05
7.71734851718886E-05
7.71734851718886E-05
7.71734851718886E-05
7.71734851718886E-05
7.71734851718886E-05
6.33725389045381E-05
2.07764639337249E-05
2.07764639337249E-05
2.07764639337249E-05
2.07764639337249E-05
2.07764639337249E-05
2.07764639337249E-05
2.07764639337249E-05
2.07764639337249E-05
2.07764639337249E-05
2.07764639337249E-05
2.07764639337249E-05
2.07764639337249E-05
2.07764639337249E-05
2.07764639337249E-05
2.07764639337249E-05
2.07764639337249E-05
2.07764639337249E-05
2.07764639337249E-05
2.07764639337249E-05
2.07764639337249E-05
2.07764639337249E-05
2.07764639337249E-05
2.07764639337249E-05
1.82370437920021E-05
1.82370437920021E-05
6.9653062457764E-06
6.9653062457764E-06
6.9653062457764E-06
6.9653062457764E-06
6.9653062457764E-06
6.9653062457764E-06
6.9653062457764E-06
6.9653062457764E-06
6.38315909573528E-07
6.38315909573528E-07
6.38315909573528E-07
6.38315909573528E-07
6.38315909573528E-07
6.38315909573528E-07
6.38315909573528E-07
6.38315909573528E-07
6.38315909573528E-07
6.38315909573528E-07
6.38315909573528E-07
6.38315909573528E-07
6.38315909573528E-07
6.38315909573528E-07
6.38315909573528E-07
6.38315909573528E-07
6.38315909573528E-07
6.38315909573528E-07
6.38315909573528E-07
6.38315909573528E-07
6.38315909573528E-07
6.38315909573528E-07
6.38315909573528E-07
6.38315909573528E-07
6.38315909573528E-07
6.38315909573528E-07
6.38315909573528E-07
6.38315909573528E-07
6.38315909573528E-07
6.38315909573528E-07
6.38315909573528E-07
6.38315909573528E-07
6.38315909573528E-07
6.38315909573528E-07
6.38315909573528E-07
6.38315909573528E-07
6.38315909573528E-07
6.38315909573528E-07
6.38315909573528E-07
6.38315909573528E-07
6.38315909573528E-07
6.38315909573528E-07
6.38315909573528E-07
6.38315909573528E-07
6.38315909573528E-07
6.38315909573528E-07
6.38315909573528E-07
6.38315909573528E-07
6.38315909573528E-07
6.38315909573528E-07
6.38315909573528E-07
6.38315909573528E-07
6.38315909573528E-07
6.38315909573528E-07
6.38315909573528E-07
6.38315909573528E-07
6.38315909573528E-07
6.38315909573528E-07
6.38315909573528E-07
6.38315909573528E-07
6.38315909573528E-07
6.38315909573528E-07
6.38315909573528E-07
4.20807450551841E-07
4.20807450551841E-07
4.20807450551841E-07
4.20807450551841E-07
4.20807450551841E-07
4.20807450551841E-07
4.20807450551841E-07
4.20807450551841E-07
4.20807450551841E-07
4.20807450551841E-07
4.20807450551841E-07
4.20807450551841E-07
4.20807450551841E-07
4.20807450551841E-07
4.20807450551841E-07
4.20807450551841E-07
4.20807450551841E-07
4.20807450551841E-07
4.20807450551841E-07
4.20807450551841E-07
4.20807450551841E-07
4.20807450551841E-07
4.20807450551841E-07
4.20807450551841E-07
4.20807450551841E-07
3.11790296358971E-07
3.11790296358971E-07
3.11790296358971E-07
3.11790296358971E-07
3.11790296358971E-07
3.11790296358971E-07
3.11790296358971E-07
3.11790296358971E-07
3.11790296358971E-07
3.11790296358971E-07
3.11790296358971E-07
3.11790296358971E-07
3.11790296358971E-07
3.11790296358971E-07
3.11790296358971E-07
3.11790296358971E-07
3.11790296358971E-07
3.11790296358971E-07
3.11790296358971E-07
3.11790296358971E-07
3.11790296358971E-07
3.11790296358971E-07
3.11790296358971E-07
3.11790296358971E-07
3.11790296358971E-07
3.11790296358971E-07
3.11790296358971E-07
3.11790296358971E-07
3.11790296358971E-07
2.65535358479063E-07
2.65535358479063E-07
2.65535358479063E-07
2.65535358479063E-07
2.65535358479063E-07
2.65535358479063E-07
2.65535358479063E-07
2.65535358479063E-07
2.65535358479063E-07
2.65535358479063E-07
2.65535358479063E-07
2.65535358479063E-07
2.65535358479063E-07
2.65535358479063E-07
8.01983510712034E-08
8.01983510712034E-08
8.01983510712034E-08
8.01983510712034E-08
8.01983510712034E-08
8.01983510712034E-08
8.01983510712034E-08
8.01983510712034E-08
8.01983510712034E-08
8.01983510712034E-08
8.01983510712034E-08
8.01983510712034E-08
8.01983510712034E-08
8.01983510712034E-08
8.01983510712034E-08
8.01983510712034E-08
8.01983510712034E-08
8.01983510712034E-08
8.01983510712034E-08
8.01983510712034E-08
8.01983510712034E-08
8.01983510712034E-08
8.01983510712034E-08
8.01983510712034E-08
8.01983510712034E-08
8.01983510712034E-08
8.01983510712034E-08
8.01983510712034E-08
8.01983510712034E-08
8.01983510712034E-08
8.01983510712034E-08
8.01983510712034E-08
8.01983510712034E-08
8.01983510712034E-08
8.01983510712034E-08
8.01983510712034E-08
8.01983510712034E-08
8.01983510712034E-08
8.01983510712034E-08
8.01983510712034E-08
8.01983510712034E-08
8.01983510712034E-08
8.01983510712034E-08
8.01983510712034E-08
8.01983510712034E-08
8.01983510712034E-08
8.01983510712034E-08
8.01983510712034E-08
8.01983510712034E-08
8.01983510712034E-08
8.01983510712034E-08
8.01983510712034E-08
8.01983510712034E-08
8.01983510712034E-08
8.01983510712034E-08
8.01983510712034E-08
8.01983510712034E-08
8.01983510712034E-08
8.01983510712034E-08
8.01983510712034E-08
8.01983510712034E-08
8.01983510712034E-08
8.01983510712034E-08
8.01983510712034E-08
8.01983510712034E-08
8.01983510712034E-08
8.01983510712034E-08
8.01983510712034E-08
8.01983510712034E-08
8.01983510712034E-08
8.01983510712034E-08
8.01983510712034E-08
8.01983510712034E-08
8.01983510712034E-08
8.01983510712034E-08
8.01983510712034E-08
8.01983510712034E-08
8.01983510712034E-08
8.01983510712034E-08
8.01983510712034E-08
8.01983510712034E-08
8.01983510712034E-08
8.01983510712034E-08
8.01983510712034E-08
8.01983510712034E-08
8.01983510712034E-08
8.01983510712034E-08
8.01983510712034E-08
8.01983510712034E-08
8.01983510712034E-08
8.01983510712034E-08
8.01983510712034E-08
7.8007370452049E-08
7.8007370452049E-08
7.8007370452049E-08
7.8007370452049E-08
7.8007370452049E-08
7.8007370452049E-08
7.8007370452049E-08
7.8007370452049E-08
7.8007370452049E-08
7.8007370452049E-08
7.8007370452049E-08
7.8007370452049E-08
7.8007370452049E-08
7.8007370452049E-08
7.8007370452049E-08
5.85916162254563E-08
5.85916162254563E-08
5.85916162254563E-08
5.85916162254563E-08
4.83416149332783E-08
4.83416149332783E-08
4.83416149332783E-08
4.83416149332783E-08
4.83416149332783E-08
4.83416149332783E-08
4.83416149332783E-08
4.83416149332783E-08
4.83416149332783E-08
4.83416149332783E-08
4.83416149332783E-08
4.83416149332783E-08
4.83416149332783E-08
4.83416149332783E-08
4.83416149332783E-08
4.83416149332783E-08
4.83416149332783E-08
4.83416149332783E-08
4.83416149332783E-08
4.83416149332783E-08
4.83416149332783E-08
4.83416149332783E-08
4.83416149332783E-08
4.61270085461152E-08
4.61270085461152E-08
4.61270085461152E-08
4.61270085461152E-08
4.61270085461152E-08
4.61270085461152E-08
4.61270085461152E-08
4.61270085461152E-08
4.61270085461152E-08
4.61270085461152E-08
4.61270085461152E-08
4.61270085461152E-08
4.61270085461152E-08
4.61270085461152E-08
3.13102240800944E-08
3.13102240800944E-08
3.13102240800944E-08
3.13102240800944E-08
3.13102240800944E-08
3.13102240800944E-08
3.13102240800944E-08
3.13102240800944E-08
3.13102240800944E-08
4.43090397705959E-09
4.43090397705959E-09
4.43090397705959E-09
4.43090397705959E-09
4.43090397705959E-09
4.43090397705959E-09
4.43090397705959E-09
4.43090397705959E-09
4.43090397705959E-09
4.43090397705959E-09
4.43090397705959E-09
4.43090397705959E-09
4.43090397705959E-09
4.43090397705959E-09
4.43090397705959E-09
4.43090397705959E-09
4.43090397705959E-09
4.43090397705959E-09
4.43090397705959E-09
4.43090397705959E-09
4.43090397705959E-09
4.43090397705959E-09
4.43090397705959E-09
4.43090397705959E-09
4.43090397705959E-09
4.43090397705959E-09
4.43090397705959E-09
4.43090397705959E-09
4.43090397705959E-09
4.43090397705959E-09
4.43090397705959E-09
4.43090397705959E-09
4.43090397705959E-09
4.43090397705959E-09
4.43090397705959E-09
4.43090397705959E-09
4.43090397705959E-09
4.43090397705959E-09
4.43090397705959E-09
4.43090397705959E-09
4.43090397705959E-09
4.43090397705959E-09
4.43090397705959E-09
4.43090397705959E-09
4.43090397705959E-09
4.43090397705959E-09
4.43090397705959E-09
4.43090397705959E-09
4.43090397705959E-09
4.43090397705959E-09
4.43090397705959E-09
4.43090397705959E-09
4.43090397705959E-09
4.43090397705959E-09
4.43090397705959E-09
4.43090397705959E-09
4.43090397705959E-09
4.43090397705959E-09
4.43090397705959E-09
4.43090397705959E-09
4.43090397705959E-09
4.43090397705959E-09
4.43090397705959E-09
4.43090397705959E-09
4.43090397705959E-09
4.43090397705959E-09
4.43090397705959E-09
4.43090397705959E-09
4.43090397705959E-09
4.43090397705959E-09
4.43090397705959E-09
4.43090397705959E-09
4.43090397705959E-09
4.43090397705959E-09
4.43090397705959E-09
4.43090397705959E-09
6.99892921396383E-10
6.99892921396383E-10
6.99892921396383E-10
6.99892921396383E-10
6.99892921396383E-10
6.99892921396383E-10
6.99892921396383E-10
6.99892921396383E-10
6.99892921396383E-10
6.99892921396383E-10
6.99892921396383E-10
6.99892921396383E-10
6.99892921396383E-10
6.99892921396383E-10
6.99892921396383E-10
6.99892921396383E-10
6.99892921396383E-10
6.99892921396383E-10
6.99892921396383E-10
6.99892921396383E-10
6.99892921396383E-10
6.99892921396383E-10
6.99892921396383E-10
6.99892921396383E-10
6.99892921396383E-10
6.99892921396383E-10
6.99892921396383E-10
6.99892921396383E-10
6.99892921396383E-10
6.99892921396383E-10
6.99892921396383E-10
6.99892921396383E-10
6.99892921396383E-10
6.99892921396383E-10
6.99892921396383E-10
6.99892921396383E-10
6.99892921396383E-10
6.99892921396383E-10
6.99892921396383E-10
6.99892921396383E-10
6.99892921396383E-10
6.99892921396383E-10
6.99892921396383E-10
6.99892921396383E-10
6.99892921396383E-10
6.99892921396383E-10
6.99892921396383E-10
6.99892921396383E-10
6.99892921396383E-10
6.99892921396383E-10
6.99892921396383E-10

