0.11110938016163
0.0480008624135884
0.0480008624135884
0.0303129237382349
0.0303129237382349
0.0255757658761945
0.0255757658761945
0.0255757658761945
0.0237725759398546
0.0237725759398546
0.0226474517919545
0.0187665608966151
0.00950479462496712
0.00950479462496712
0.00639731204982508
0.00512939436999882
0.00512939436999882
0.00512939436999882
0.00512939436999882
0.00487189571796831
0.00487189571796831
0.00487189571796831
0.0001727293837589
0.0001727293837589
0.0001727293837589
0.0001727293837589
0.0001727293837589
0.0001727293837589
0.0001727293837589
0.0001727293837589
0.0001727293837589
0.0001727293837589
0.0001727293837589
0.0001727293837589
0.0001727293837589
0.0001727293837589
0.0001727293837589
0.0001727293837589
0.0001727293837589
0.0001727293837589
0.000102550958324058
0.000102550958324058
0.000102550958324058
0.000102550958324058
0.000102550958324058
0.000102550958324058
0.000102550958324058
0.000102550958324058
0.000102550958324058
0.000102550958324058
0.000102550958324058
0.000102550958324058
0.000102550958324058
9.22470283608821E-05
9.22470283608821E-05
9.22470283608821E-05
9.11716380959824E-05
9.11716380959824E-05
9.11716380959824E-05
9.11716380959824E-05
9.11716380959824E-05
9.11716380959824E-05
9.11716380959824E-05
9.11716380959824E-05
9.11716380959824E-05
8.89744786097991E-06
8.89744786097991E-06
8.89744786097991E-06
8.89744786097991E-06
8.89744786097991E-06
8.89744786097991E-06
8.89744786097991E-06
8.89744786097991E-06
8.89744786097991E-06
8.89744786097991E-06
8.89744786097991E-06
8.89744786097991E-06
8.89744786097991E-06
8.89744786097991E-06
8.89744786097991E-06
8.89744786097991E-06
8.89744786097991E-06
8.89744786097991E-06
8.89744786097991E-06
8.89744786097991E-06
8.89744786097991E-06
8.89744786097991E-06
8.89744786097991E-06
8.89744786097991E-06
8.89744786097991E-06
8.89744786097991E-06
8.89744786097991E-06
8.89744786097991E-06
8.89744786097991E-06
8.89744786097991E-06
8.89744786097991E-06
8.89744786097991E-06
8.89744786097991E-06
8.89744786097991E-06
8.89744786097991E-06
8.89744786097991E-06
8.89744786097991E-06
5.00320104947536E-06
5.00320104947536E-06
5.00320104947536E-06
5.00320104947536E-06
5.00320104947536E-06
5.00320104947536E-06
5.00320104947536E-06
5.00320104947536E-06
5.00320104947536E-06
5.00320104947536E-06
5.00320104947536E-06
4.98528009713002E-06
4.98528009713002E-06
4.98528009713002E-06
4.98528009713002E-06
4.98528009713002E-06
4.98528009713002E-06
4.98528009713002E-06
4.98528009713002E-06
4.98528009713002E-06
4.98528009713002E-06
4.98528009713002E-06
2.2775295536894E-06
2.2775295536894E-06
2.2775295536894E-06
2.2775295536894E-06
2.2775295536894E-06
2.2775295536894E-06
2.2775295536894E-06
2.2775295536894E-06
2.2775295536894E-06
2.2775295536894E-06
2.2775295536894E-06
2.2775295536894E-06
2.2775295536894E-06
2.2775295536894E-06
2.2775295536894E-06
2.10453267920826E-06
2.10453267920826E-06
2.10453267920826E-06
2.10453267920826E-06
2.10453267920826E-06
2.10453267920826E-06
2.10453267920826E-06
2.10453267920826E-06
2.10453267920826E-06
2.10453267920826E-06
2.10453267920826E-06
1.58170809688553E-06
1.58170809688553E-06
1.58170809688553E-06
1.58170809688553E-06
1.58170809688553E-06
1.58170809688553E-06
1.58170809688553E-06
1.58170809688553E-06
1.58170809688553E-06
1.45893449329214E-06
1.45893449329214E-06
1.45893449329214E-06
1.45893449329214E-06
1.45893449329214E-06
1.45893449329214E-06
1.45893449329214E-06
1.45893449329214E-06
1.45893449329214E-06
1.45893449329214E-06
1.45893449329214E-06
1.45893449329214E-06
1.45893449329214E-06
1.45893449329214E-06
1.45893449329214E-06
1.45893449329214E-06
1.45893449329214E-06
1.45893449329214E-06
1.45893449329214E-06
1.45893449329214E-06
1.45893449329214E-06
2.51186584537175E-07
2.51186584537175E-07
2.51186584537175E-07
2.51186584537175E-07
2.51186584537175E-07
2.51186584537175E-07
2.51186584537175E-07
2.51186584537175E-07
2.51186584537175E-07
2.51186584537175E-07
2.51186584537175E-07
2.51186584537175E-07
2.51186584537175E-07
2.51186584537175E-07
2.51186584537175E-07
2.51186584537175E-07
2.51186584537175E-07
2.51186584537175E-07
2.51186584537175E-07
2.51186584537175E-07
2.51186584537175E-07
2.51186584537175E-07
2.51186584537175E-07
2.51186584537175E-07
2.51186584537175E-07
2.51186584537175E-07
2.51186584537175E-07
2.51186584537175E-07
2.51186584537175E-07
2.51186584537175E-07
2.51186584537175E-07
2.51186584537175E-07
2.51186584537175E-07
2.51186584537175E-07
2.51186584537175E-07
2.51186584537175E-07
2.51186584537175E-07
2.51186584537175E-07
2.51186584537175E-07
2.51186584537175E-07
2.51186584537175E-07
2.38473397034011E-07
2.38473397034011E-07
2.38473397034011E-07
2.38473397034011E-07
2.38473397034011E-07
2.38473397034011E-07
2.38473397034011E-07
2.38473397034011E-07
2.38473397034011E-07
2.38473397034011E-07
2.38473397034011E-07
2.38473397034011E-07
2.38473397034011E-07
2.38473397034011E-07
2.38473397034011E-07
2.38473397034011E-07
2.38473397034011E-07
2.38473397034011E-07
2.38473397034011E-07
2.38473397034011E-07
2.38473397034011E-07
1.81581066840572E-07
1.81581066840572E-07
1.81581066840572E-07
1.81581066840572E-07
1.81581066840572E-07
1.81581066840572E-07
1.81581066840572E-07
1.81581066840572E-07
1.81581066840572E-07
1.81581066840572E-07
1.81581066840572E-07
1.81581066840572E-07
1.81581066840572E-07
1.81581066840572E-07
1.81581066840572E-07
1.81581066840572E-07
1.81581066840572E-07
1.81581066840572E-07
1.81581066840572E-07
1.81581066840572E-07
1.81581066840572E-07
1.81581066840572E-07
1.81581066840572E-07
1.81581066840572E-07
1.81581066840572E-07
1.81581066840572E-07
1.81581066840572E-07
1.81581066840572E-07
1.81581066840572E-07
1.81581066840572E-07
1.81581066840572E-07
1.81581066840572E-07
1.81581066840572E-07
1.81581066840572E-07
1.81581066840572E-07
1.81581066840572E-07
1.70377156689763E-07
1.70377156689763E-07
1.70377156689763E-07
1.70377156689763E-07
1.70377156689763E-07
1.70377156689763E-07
1.70377156689763E-07
1.70377156689763E-07
1.70377156689763E-07
1.70377156689763E-07
1.70377156689763E-07
1.08652304119124E-07
1.08652304119124E-07
1.08652304119124E-07
1.08652304119124E-07
1.08652304119124E-07
1.08652304119124E-07
1.08652304119124E-07
1.08652304119124E-07
1.08652304119124E-07
1.08652304119124E-07
1.08652304119124E-07
1.08652304119124E-07
1.08652304119124E-07
1.08652304119124E-07
1.08652304119124E-07
1.08652304119124E-07
1.08652304119124E-07
1.08652304119124E-07
1.08652304119124E-07
1.08652304119124E-07
1.08652304119124E-07
1.08652304119124E-07
1.08652304119124E-07
1.08652304119124E-07
1.08652304119124E-07
1.08652304119124E-07
1.08652304119124E-07
1.08652304119124E-07
1.08652304119124E-07
1.08652304119124E-07
6.22934020506103E-08
6.22934020506103E-08
6.22934020506103E-08
5.99401841811983E-08
5.99401841811983E-08
5.99401841811983E-08
5.99401841811983E-08
5.99401841811983E-08
5.99401841811983E-08
5.99401841811983E-08
5.99401841811983E-08
5.99401841811983E-08
5.99401841811983E-08
5.99401841811983E-08
5.99401841811983E-08
5.99401841811983E-08
5.99401841811983E-08
5.99401841811983E-08
5.99401841811983E-08
5.99401841811983E-08
5.99401841811983E-08
5.99401841811983E-08
5.99401841811983E-08
5.99401841811983E-08
5.99401841811983E-08
5.99401841811983E-08
5.99401841811983E-08
5.99401841811983E-08
4.9534279368511E-08
4.9534279368511E-08
4.9534279368511E-08
4.9534279368511E-08
4.9534279368511E-08
4.9534279368511E-08
4.9534279368511E-08
4.9534279368511E-08
4.9534279368511E-08
4.74279644237502E-08
4.74279644237502E-08
4.74279644237502E-08
4.74279644237502E-08
4.74279644237502E-08
3.67201496673591E-08
3.67201496673591E-08
3.67201496673591E-08
3.67201496673591E-08
3.67201496673591E-08
3.67201496673591E-08
3.67201496673591E-08
3.67201496673591E-08
3.67201496673591E-08
3.67201496673591E-08
3.67201496673591E-08
3.67201496673591E-08
3.67201496673591E-08
3.67201496673591E-08
3.67201496673591E-08
3.67201496673591E-08
3.63961841524949E-08
3.63961841524949E-08
3.63961841524949E-08
3.63961841524949E-08
3.63961841524949E-08
3.63961841524949E-08
3.63961841524949E-08
3.63961841524949E-08
3.63961841524949E-08
3.63961841524949E-08
3.63961841524949E-08
3.63961841524949E-08
3.63961841524949E-08
3.63961841524949E-08
3.63961841524949E-08
3.63961841524949E-08
3.63961841524949E-08
3.63961841524949E-08
3.63961841524949E-08
3.30845257543027E-08
3.30845257543027E-08
3.30845257543027E-08
3.30845257543027E-08
3.30845257543027E-08
3.30845257543027E-08
3.30845257543027E-08
3.30845257543027E-08
3.30845257543027E-08
3.30845257543027E-08
3.30845257543027E-08
3.30845257543027E-08
3.30845257543027E-08
1.93122267427169E-08
1.93122267427169E-08
1.93122267427169E-08
1.93122267427169E-08
1.93055050905603E-08
1.93055050905603E-08
1.93055050905603E-08
1.93055050905603E-08
1.93055050905603E-08
1.93055050905603E-08
1.93055050905603E-08
1.93055050905603E-08
1.93055050905603E-08
1.93055050905603E-08
1.93055050905603E-08
1.93055050905603E-08
1.93055050905603E-08
1.93055050905603E-08
1.93055050905603E-08
1.93055050905603E-08
1.93055050905603E-08
1.93055050905603E-08
1.93055050905603E-08
9.57753070046125E-09
9.57753070046125E-09
9.57753070046125E-09
9.57753070046125E-09
9.57753070046125E-09
9.57753070046125E-09
9.57753070046125E-09
9.57753070046125E-09
9.57753070046125E-09
9.57753070046125E-09
9.57753070046125E-09
9.57753070046125E-09
9.57753070046125E-09
9.57753070046125E-09
9.57753070046125E-09
9.57753070046125E-09
9.57753070046125E-09
9.57753070046125E-09
9.57753070046125E-09
9.57753070046125E-09
9.57753070046125E-09
9.57753070046125E-09
7.09889899213669E-09
7.09889899213669E-09
7.09889899213669E-09
7.09889899213669E-09
7.09889899213669E-09
7.09889899213669E-09
7.09889899213669E-09
7.09889899213669E-09
7.09889899213669E-09
3.99715899438932E-09
3.99715899438932E-09
3.99715899438932E-09
3.99715899438932E-09
3.99715899438932E-09
3.99715899438932E-09
3.99715899438932E-09
3.99715899438932E-09
3.99715899438932E-09
3.99715899438932E-09
3.99715899438932E-09
3.78919665762941E-09
3.78919665762941E-09
3.78919665762941E-09
3.78919665762941E-09
3.78919665762941E-09
3.78919665762941E-09
3.78919665762941E-09
3.78919665762941E-09
3.78919665762941E-09
3.78919665762941E-09
3.78919665762941E-09
3.78919665762941E-09
3.78919665762941E-09
3.78919665762941E-09
3.78919665762941E-09
3.78919665762941E-09
3.78919665762941E-09
3.78919665762941E-09
3.78919665762941E-09
3.78919665762941E-09
3.78919665762941E-09
3.78919665762941E-09
3.78919665762941E-09
3.78919665762941E-09
2.07771173247336E-09
2.07771173247336E-09

