0.0946105643288086
0.088715470226738
0.074680017504474
0.0504174793525433
0.00627023227447931
0.00627023227447931
0.00627023227447931
0.00627023227447931
0.00627023227447931
0.00619428620332219
0.0010636855892634
0.0010636855892634
0.0010636855892634
0.0010636855892634
0.0010636855892634
0.0010636855892634
0.0010636855892634
0.0010636855892634
0.000990367894048383
0.000990367894048383
0.000990367894048383
0.000990367894048383
0.000942585002046026
0.000940747594255331
0.000940747594255331
0.000586116443332729
0.000586116443332729
0.000586116443332729
0.000513868690636299
0.000513868690636299
0.000513868690636299
0.000465028064633
0.000321010842737834
0.000228173082200911
0.000228173082200911
0.000228173082200911
0.000228173082200911
0.000228173082200911
0.000218049925766461
0.000145543486614552
0.000145543486614552
0.000145543486614552
9.71876094900681E-05
9.71876094900681E-05
9.71876094900681E-05
9.71876094900681E-05
9.71876094900681E-05
9.71876094900681E-05
9.71876094900681E-05
9.71876094900681E-05
4.55960563250368E-05
4.55960563250368E-05
4.55960563250368E-05
4.55960563250368E-05
4.55960563250368E-05
4.55960563250368E-05
4.55960563250368E-05
4.55960563250368E-05
4.55960563250368E-05
3.28715942904401E-05
3.28715942904401E-05
3.28715942904401E-05
3.28715942904401E-05
3.28715942904401E-05
2.80787351785161E-05
2.80787351785161E-05
2.80787351785161E-05
2.80787351785161E-05
2.80787351785161E-05
1.73018811463477E-05
1.73018811463477E-05
1.73018811463477E-05
1.50628585144919E-05
1.50628585144919E-05
1.50628585144919E-05
9.20154947536833E-06
9.20154947536833E-06
9.20154947536833E-06
9.20154947536833E-06
9.20154947536833E-06
9.20154947536833E-06
9.20154947536833E-06
9.20154947536833E-06
9.20154947536833E-06
9.20154947536833E-06
9.20154947536833E-06
9.20154947536833E-06
9.20154947536833E-06
9.20154947536833E-06
9.20154947536833E-06
8.16711814866089E-06
8.16711814866089E-06
8.16711814866089E-06
8.16711814866089E-06
8.16711814866089E-06
8.16711814866089E-06
8.16711814866089E-06
8.16711814866089E-06
2.75419808093424E-06
2.75419808093424E-06
2.75419808093424E-06
2.75419808093424E-06
2.75419808093424E-06
2.75419808093424E-06
2.75419808093424E-06
2.75419808093424E-06
2.75419808093424E-06
2.75419808093424E-06
2.75419808093424E-06
2.75419808093424E-06
2.75419808093424E-06
2.75419808093424E-06
2.75419808093424E-06
2.75419808093424E-06
2.75419808093424E-06
2.75419808093424E-06
1.31583885898401E-06
1.31583885898401E-06
1.31583885898401E-06
1.31583885898401E-06
1.31583885898401E-06
1.31583885898401E-06
1.31583885898401E-06
1.31583885898401E-06
1.31583885898401E-06
1.31583885898401E-06
1.31583885898401E-06
1.31583885898401E-06
1.31583885898401E-06
1.31583885898401E-06
1.31583885898401E-06
1.31583885898401E-06
6.62635785353416E-07
6.62635785353416E-07
6.62635785353416E-07
6.62635785353416E-07
6.62635785353416E-07
6.62635785353416E-07
6.62635785353416E-07
6.62635785353416E-07
6.62635785353416E-07
6.62635785353416E-07
6.62635785353416E-07
6.62635785353416E-07
6.62635785353416E-07
1.73079860443792E-07
1.73079860443792E-07
1.73079860443792E-07
1.73079860443792E-07
1.73079860443792E-07
1.73079860443792E-07
1.73079860443792E-07
1.73079860443792E-07
1.73079860443792E-07
1.73079860443792E-07
1.73079860443792E-07
1.73079860443792E-07
1.73079860443792E-07
1.73079860443792E-07
1.73079860443792E-07
1.73079860443792E-07
1.73079860443792E-07
1.73079860443792E-07
1.73079860443792E-07
1.73079860443792E-07
1.73079860443792E-07
1.73079860443792E-07
1.73079860443792E-07
1.73079860443792E-07
1.73079860443792E-07
1.73079860443792E-07
1.73079860443792E-07
1.73079860443792E-07
1.73079860443792E-07
1.73079860443792E-07
1.73079860443792E-07
1.73079860443792E-07
1.73079860443792E-07
1.73079860443792E-07
1.73079860443792E-07
1.73079860443792E-07
1.73079860443792E-07
1.73079860443792E-07
7.24693025588863E-08
7.24693025588863E-08
7.24693025588863E-08
7.24693025588863E-08
7.24693025588863E-08
7.24693025588863E-08
7.24693025588863E-08
7.24693025588863E-08
7.24693025588863E-08
7.24693025588863E-08
7.24693025588863E-08
7.24693025588863E-08
7.24693025588863E-08
7.24693025588863E-08
7.24693025588863E-08
7.24693025588863E-08
7.24693025588863E-08
7.24693025588863E-08
7.24693025588863E-08
7.24693025588863E-08
7.24693025588863E-08
7.24693025588863E-08
7.24693025588863E-08
7.24693025588863E-08
7.24693025588863E-08
7.24693025588863E-08
7.24693025588863E-08
7.24693025588863E-08
7.24693025588863E-08
7.24693025588863E-08
7.24693025588863E-08
7.24693025588863E-08
7.24693025588863E-08
7.24693025588863E-08
7.24693025588863E-08
7.24693025588863E-08
7.24693025588863E-08
7.24693025588863E-08
7.24693025588863E-08
7.24693025588863E-08
7.24693025588863E-08
7.24693025588863E-08
7.24693025588863E-08
7.24693025588863E-08
7.24693025588863E-08
7.24693025588863E-08
7.24693025588863E-08
7.24693025588863E-08
7.24693025588863E-08
7.24693025588863E-08
7.24693025588863E-08
7.24693025588863E-08
7.24693025588863E-08
7.24693025588863E-08
7.24693025588863E-08
7.24693025588863E-08
7.24693025588863E-08
7.24693025588863E-08
7.24693025588863E-08
7.24693025588863E-08
7.24693025588863E-08
7.24693025588863E-08
7.24693025588863E-08
7.24693025588863E-08
7.24693025588863E-08
7.24693025588863E-08
7.24693025588863E-08
7.24693025588863E-08
7.24693025588863E-08
7.24693025588863E-08
7.24693025588863E-08
7.24693025588863E-08
7.24693025588863E-08
7.24693025588863E-08
7.24693025588863E-08
7.24693025588863E-08
7.24693025588863E-08
7.24693025588863E-08
7.24693025588863E-08
7.24693025588863E-08
7.24693025588863E-08
7.24693025588863E-08
7.24693025588863E-08
7.24693025588863E-08
7.24693025588863E-08
7.24693025588863E-08
7.24693025588863E-08
7.24693025588863E-08
7.24693025588863E-08
7.24693025588863E-08
7.24693025588863E-08
7.24693025588863E-08
7.24693025588863E-08
7.24693025588863E-08
7.24693025588863E-08
7.24693025588863E-08
7.24693025588863E-08
7.24693025588863E-08
7.24693025588863E-08
7.24693025588863E-08
7.24693025588863E-08
7.24693025588863E-08
7.24693025588863E-08
7.24693025588863E-08
7.19996962050828E-08
7.19996962050828E-08
7.19996962050828E-08
7.19996962050828E-08
7.19996962050828E-08
7.19996962050828E-08
7.19996962050828E-08
7.19996962050828E-08
7.19996962050828E-08
7.19996962050828E-08
7.19996962050828E-08
7.19996962050828E-08
7.19996962050828E-08
7.19996962050828E-08
7.19996962050828E-08
7.19996962050828E-08
7.19996962050828E-08
5.80223062929264E-08
5.80223062929264E-08
5.80223062929264E-08
5.80223062929264E-08
5.80223062929264E-08
5.80223062929264E-08
5.80223062929264E-08
5.80223062929264E-08
2.36357515781549E-08
2.36357515781549E-08
2.36357515781549E-08
2.36357515781549E-08
2.36357515781549E-08
2.36357515781549E-08
2.36357515781549E-08
2.36357515781549E-08
2.36357515781549E-08
2.36357515781549E-08
2.36357515781549E-08
2.36357515781549E-08
2.36357515781549E-08
2.36357515781549E-08
2.36357515781549E-08
2.36357515781549E-08
2.36357515781549E-08
2.36357515781549E-08
2.36357515781549E-08
2.36357515781549E-08
2.36357515781549E-08
2.36357515781549E-08
2.12183206560468E-08
2.12183206560468E-08
2.12183206560468E-08
2.12183206560468E-08
2.12183206560468E-08
2.12183206560468E-08
2.12183206560468E-08
2.12183206560468E-08
2.12183206560468E-08
2.12183206560468E-08
2.12183206560468E-08
2.12183206560468E-08
2.12183206560468E-08
2.12183206560468E-08
2.12183206560468E-08
2.12183206560468E-08
2.12183206560468E-08
2.12183206560468E-08
2.12183206560468E-08
2.12183206560468E-08
2.12183206560468E-08
2.12183206560468E-08
2.12183206560468E-08
2.12183206560468E-08
2.12183206560468E-08
2.12183206560468E-08
2.12183206560468E-08
2.12183206560468E-08
2.12183206560468E-08
2.12183206560468E-08
2.12183206560468E-08
2.12183206560468E-08
2.12183206560468E-08
2.12183206560468E-08
2.12183206560468E-08
2.12183206560468E-08
1.70597198589917E-08
1.70597198589917E-08
1.70597198589917E-08
1.70597198589917E-08
1.70597198589917E-08
1.70597198589917E-08
1.70597198589917E-08
1.70597198589917E-08
1.70597198589917E-08
1.70597198589917E-08
1.70597198589917E-08
1.70597198589917E-08
1.70597198589917E-08
1.70597198589917E-08
1.70597198589917E-08
1.70597198589917E-08
1.70597198589917E-08
1.70597198589917E-08
1.70597198589917E-08
1.70597198589917E-08
1.70597198589917E-08
1.70597198589917E-08
1.70597198589917E-08
1.70597198589917E-08
1.70597198589917E-08
1.70597198589917E-08
1.23643068006274E-08
1.23643068006274E-08
1.23643068006274E-08
1.23643068006274E-08
1.23643068006274E-08
1.23643068006274E-08
1.23643068006274E-08
1.23643068006274E-08
1.23643068006274E-08
1.23643068006274E-08
1.23643068006274E-08
1.23643068006274E-08
1.23643068006274E-08
1.23643068006274E-08
5.82651216163299E-09
5.82651216163299E-09
5.82651216163299E-09
5.82651216163299E-09
5.82651216163299E-09
5.82651216163299E-09
5.82651216163299E-09
5.82651216163299E-09
5.82651216163299E-09
5.82651216163299E-09
5.82651216163299E-09
5.82651216163299E-09
5.82651216163299E-09
5.82651216163299E-09
5.82651216163299E-09
5.82651216163299E-09
5.82651216163299E-09
5.82651216163299E-09
5.82651216163299E-09
5.82651216163299E-09
5.82651216163299E-09
5.82651216163299E-09
5.82651216163299E-09
5.82651216163299E-09
5.82651216163299E-09
5.82651216163299E-09
5.82651216163299E-09
5.82651216163299E-09
5.82651216163299E-09
5.82651216163299E-09
5.82651216163299E-09
5.82651216163299E-09
5.82651216163299E-09
5.82651216163299E-09
5.82651216163299E-09
5.82651216163299E-09
5.82651216163299E-09
5.82651216163299E-09
5.82651216163299E-09
5.82651216163299E-09
5.82651216163299E-09
5.82651216163299E-09
5.82651216163299E-09
5.82651216163299E-09
5.82651216163299E-09
5.82651216163299E-09
5.82651216163299E-09
5.82651216163299E-09
5.82651216163299E-09
5.82651216163299E-09
5.82651216163299E-09
5.82651216163299E-09
5.82651216163299E-09
5.82651216163299E-09
5.82651216163299E-09
5.82651216163299E-09
5.82651216163299E-09
5.82651216163299E-09
5.82651216163299E-09
5.82651216163299E-09
5.82651216163299E-09
5.82651216163299E-09
5.82651216163299E-09
5.82651216163299E-09
5.82651216163299E-09
5.82651216163299E-09
5.82651216163299E-09
5.82651216163299E-09
5.82651216163299E-09
5.82651216163299E-09
5.82651216163299E-09
5.82651216163299E-09
5.82651216163299E-09
5.82651216163299E-09
5.82651216163299E-09
5.82651216163299E-09
5.82651216163299E-09
5.82651216163299E-09
5.82651216163299E-09
5.82651216163299E-09
5.82651216163299E-09
5.82651216163299E-09
5.82651216163299E-09
5.82651216163299E-09
5.82651216163299E-09
5.82651216163299E-09
5.82651216163299E-09
5.82651216163299E-09
5.82651216163299E-09
5.82651216163299E-09

