0.0805614489901688
0.0783035822242506
0.0566563771133956
0.0566563771133956
0.0431872340094775
0.0270497344432522
0.0270497344432522
0.0270497344432522
0.0143553093261621
0.0143553093261621
0.0143553093261621
0.0104537100281445
0.0104537100281445
0.00580169292618071
0.00580169292618071
0.00580169292618071
0.00580169292618071
0.00580169292618071
0.00580169292618071
0.00580169292618071
0.00470460395256411
0.00289521661702274
0.00289521661702274
0.000440479005564098
0.000440479005564098
0.000440479005564098
0.000377319482774641
0.000377319482774641
0.000377319482774641
0.000251888493827068
0.000251888493827068
0.000251888493827068
0.000251888493827068
0.000249798441953608
0.000249798441953608
0.000107534922128671
0.000107534922128671
0.000107534922128671
0.000105325340217455
0.000105325340217455
0.000105325340217455
5.30662499560464E-05
5.30662499560464E-05
5.30662499560464E-05
5.30662499560464E-05
5.30662499560464E-05
5.30662499560464E-05
5.30662499560464E-05
5.30662499560464E-05
5.30662499560464E-05
5.30662499560464E-05
2.63574376078157E-05
2.63574376078157E-05
2.63574376078157E-05
2.63574376078157E-05
2.63574376078157E-05
2.63574376078157E-05
2.63574376078157E-05
2.63574376078157E-05
2.63574376078157E-05
2.63574376078157E-05
2.63574376078157E-05
2.63574376078157E-05
2.63574376078157E-05
2.63574376078157E-05
2.32567310692877E-05
2.32567310692877E-05
2.32567310692877E-05
2.32567310692877E-05
2.16784760970201E-05
2.16784760970201E-05
2.16784760970201E-05
2.16784760970201E-05
2.16784760970201E-05
2.16562161592382E-05
2.16562161592382E-05
2.16562161592382E-05
2.07285128975832E-05
2.07285128975832E-05
2.07285128975832E-05
2.07285128975832E-05
2.07285128975832E-05
1.91707314201039E-05
1.91707314201039E-05
1.91707314201039E-05
1.34047126060244E-05
1.34047126060244E-05
1.34047126060244E-05
6.86212247524853E-06
6.86212247524853E-06
3.55510415606108E-06
3.55510415606108E-06
3.55510415606108E-06
3.55510415606108E-06
3.55510415606108E-06
3.55510415606108E-06
3.55510415606108E-06
3.55510415606108E-06
3.55510415606108E-06
1.72552437205375E-06
1.72552437205375E-06
1.72552437205375E-06
1.72552437205375E-06
1.72552437205375E-06
1.72552437205375E-06
1.72552437205375E-06
1.72552437205375E-06
1.72552437205375E-06
1.72552437205375E-06
1.72552437205375E-06
1.72552437205375E-06
1.72552437205375E-06
1.72552437205375E-06
1.72552437205375E-06
1.72552437205375E-06
1.72552437205375E-06
1.72552437205375E-06
1.72552437205375E-06
1.72552437205375E-06
1.72552437205375E-06
1.72552437205375E-06
1.72552437205375E-06
1.0737316732401E-06
1.0737316732401E-06
1.0737316732401E-06
1.0737316732401E-06
1.0737316732401E-06
1.0737316732401E-06
1.0737316732401E-06
1.0737316732401E-06
1.0737316732401E-06
1.0737316732401E-06
1.0737316732401E-06
1.0737316732401E-06
1.0737316732401E-06
1.0737316732401E-06
1.0737316732401E-06
1.0737316732401E-06
1.0737316732401E-06
1.0737316732401E-06
1.0737316732401E-06
1.0737316732401E-06
1.0737316732401E-06
1.0737316732401E-06
1.0737316732401E-06
1.0737316732401E-06
1.0737316732401E-06
9.30019214750999E-07
9.30019214750999E-07
9.30019214750999E-07
9.30019214750999E-07
9.30019214750999E-07
9.30019214750999E-07
5.3363490970515E-07
5.3363490970515E-07
5.3363490970515E-07
5.3363490970515E-07
5.3363490970515E-07
5.3363490970515E-07
5.3363490970515E-07
5.3363490970515E-07
5.3363490970515E-07
5.3363490970515E-07
5.3363490970515E-07
5.3363490970515E-07
5.3363490970515E-07
2.06894886778386E-07
2.06894886778386E-07
2.06894886778386E-07
2.06894886778386E-07
2.06894886778386E-07
2.06894886778386E-07
2.06894886778386E-07
2.06894886778386E-07
2.06894886778386E-07
2.06894886778386E-07
2.06894886778386E-07
2.06894886778386E-07
2.06894886778386E-07
2.06894886778386E-07
2.06894886778386E-07
2.06894886778386E-07
2.06894886778386E-07
2.06894886778386E-07
2.06894886778386E-07
2.06894886778386E-07
2.06894886778386E-07
2.06894886778386E-07
2.06894886778386E-07
2.06894886778386E-07
2.06894886778386E-07
2.06894886778386E-07
2.06894886778386E-07
2.06894886778386E-07
2.06894886778386E-07
2.06894886778386E-07
2.06894886778386E-07
2.06894886778386E-07
2.06894886778386E-07
1.96835871268952E-07
1.96835871268952E-07
1.96835871268952E-07
1.96835871268952E-07
1.96835871268952E-07
1.96835871268952E-07
1.96835871268952E-07
1.96835871268952E-07
1.96835871268952E-07
1.88191313976738E-07
1.88191313976738E-07
1.88191313976738E-07
1.88191313976738E-07
1.88191313976738E-07
1.88191313976738E-07
1.87701815757002E-07
1.87701815757002E-07
1.87701815757002E-07
1.87701815757002E-07
1.87701815757002E-07
1.87701815757002E-07
1.87701815757002E-07
1.87701815757002E-07
1.87701815757002E-07
1.87701815757002E-07
1.87701815757002E-07
1.87701815757002E-07
1.87701815757002E-07
1.87701815757002E-07
1.87701815757002E-07
1.87701815757002E-07
1.87701815757002E-07
1.87701815757002E-07
1.87701815757002E-07
1.87701815757002E-07
1.87701815757002E-07
1.87701815757002E-07
1.87701815757002E-07
1.87701815757002E-07
1.39288525713432E-07
1.39288525713432E-07
1.39288525713432E-07
1.39288525713432E-07
1.39288525713432E-07
1.39288525713432E-07
1.39288525713432E-07
1.39288525713432E-07
1.39288525713432E-07
1.39288525713432E-07
1.39288525713432E-07
1.39288525713432E-07
1.39288525713432E-07
1.39288525713432E-07
1.39288525713432E-07
1.39288525713432E-07
1.39288525713432E-07
4.75990049597641E-08
4.75990049597641E-08
4.75990049597641E-08
4.75990049597641E-08
4.75990049597641E-08
4.75990049597641E-08
4.75990049597641E-08
4.75990049597641E-08
4.75990049597641E-08
4.75990049597641E-08
4.75990049597641E-08
4.75990049597641E-08
4.75990049597641E-08
4.75990049597641E-08
4.75990049597641E-08
4.75990049597641E-08
4.75990049597641E-08
4.75990049597641E-08
4.75990049597641E-08
4.75990049597641E-08
4.75990049597641E-08
4.75990049597641E-08
4.75990049597641E-08
4.75990049597641E-08
4.75990049597641E-08
4.75990049597641E-08
4.75990049597641E-08
4.75990049597641E-08
4.75990049597641E-08
4.75990049597641E-08
4.75990049597641E-08
4.75990049597641E-08
4.75990049597641E-08
4.75990049597641E-08
4.75990049597641E-08
4.75990049597641E-08
4.75990049597641E-08
4.75990049597641E-08
4.75990049597641E-08
4.75990049597641E-08
4.75990049597641E-08
4.75990049597641E-08
4.75990049597641E-08
4.75990049597641E-08
4.75990049597641E-08
4.75990049597641E-08
4.75990049597641E-08
4.75990049597641E-08
4.75990049597641E-08
4.75990049597641E-08
4.75990049597641E-08
5.78392223005153E-09
5.78392223005153E-09
5.78392223005153E-09
5.78392223005153E-09
5.78392223005153E-09
5.78392223005153E-09
5.78392223005153E-09
5.78392223005153E-09
5.78392223005153E-09
5.78392223005153E-09
5.78392223005153E-09
5.78392223005153E-09
5.78392223005153E-09
5.78392223005153E-09
5.78392223005153E-09
5.78392223005153E-09
5.78392223005153E-09
5.78392223005153E-09
5.78392223005153E-09
5.78392223005153E-09
5.78392223005153E-09
5.78392223005153E-09
5.78392223005153E-09
5.78392223005153E-09
5.78392223005153E-09
5.78392223005153E-09
5.78392223005153E-09
5.78392223005153E-09
5.78392223005153E-09
5.78392223005153E-09
5.78392223005153E-09
5.78392223005153E-09
5.78392223005153E-09
5.78392223005153E-09
5.78392223005153E-09
5.78392223005153E-09
5.78392223005153E-09
5.78392223005153E-09
5.78392223005153E-09
5.78392223005153E-09
5.78392223005153E-09
5.78392223005153E-09
5.78392223005153E-09
5.78392223005153E-09
5.78392223005153E-09
5.78392223005153E-09
5.78392223005153E-09
5.78392223005153E-09
5.78392223005153E-09
5.78392223005153E-09
5.78392223005153E-09
5.78392223005153E-09
5.78392223005153E-09
5.78392223005153E-09
5.78392223005153E-09
5.78392223005153E-09
5.78392223005153E-09
5.78392223005153E-09
5.78392223005153E-09
5.78392223005153E-09
5.78392223005153E-09
5.78392223005153E-09
5.78392223005153E-09
5.78392223005153E-09
5.78392223005153E-09
5.78392223005153E-09
5.78392223005153E-09
5.78392223005153E-09
5.78392223005153E-09
5.78392223005153E-09
5.78392223005153E-09
5.78392223005153E-09
5.78392223005153E-09
5.78392223005153E-09
5.78392223005153E-09
5.78392223005153E-09
5.78392223005153E-09
5.78392223005153E-09
5.78392223005153E-09
5.78392223005153E-09
5.78392223005153E-09
5.78392223005153E-09
5.78392223005153E-09
5.78392223005153E-09
5.78392223005153E-09
5.78392223005153E-09
5.78392223005153E-09
5.78392223005153E-09
5.78392223005153E-09
5.78392223005153E-09
5.78392223005153E-09
5.78392223005153E-09
5.78392223005153E-09
5.78392223005153E-09
5.78392223005153E-09
5.78392223005153E-09
5.78392223005153E-09
5.78392223005153E-09
5.78392223005153E-09
5.78392223005153E-09
5.78392223005153E-09
5.78392223005153E-09
5.78392223005153E-09
5.78392223005153E-09
5.78392223005153E-09
5.78392223005153E-09
5.78392223005153E-09
5.78392223005153E-09
5.78392223005153E-09
5.78392223005153E-09
5.78392223005153E-09
5.78392223005153E-09
5.78392223005153E-09
5.78392223005153E-09
5.78392223005153E-09
5.78392223005153E-09
5.78392223005153E-09
5.78392223005153E-09
5.78392223005153E-09
5.78392223005153E-09
5.78392223005153E-09
5.78392223005153E-09
5.78392223005153E-09
5.78392223005153E-09
5.78392223005153E-09
5.78392223005153E-09
5.78392223005153E-09
5.78392223005153E-09
5.78392223005153E-09
5.78392223005153E-09
5.78392223005153E-09
5.78392223005153E-09
5.78392223005153E-09
5.78392223005153E-09
5.78392223005153E-09
5.78392223005153E-09
5.78392223005153E-09
5.78392223005153E-09
5.78392223005153E-09
5.78392223005153E-09
5.78392223005153E-09
5.78392223005153E-09
5.78392223005153E-09
5.78392223005153E-09
5.78392223005153E-09
5.78392223005153E-09
5.78392223005153E-09
5.78392223005153E-09
5.78392223005153E-09
5.78392223005153E-09
5.78392223005153E-09
5.78392223005153E-09
5.78392223005153E-09
5.78392223005153E-09
5.78392223005153E-09
5.78392223005153E-09
5.78392223005153E-09
5.78392223005153E-09
5.78392223005153E-09
5.78392223005153E-09
5.78392223005153E-09
5.78392223005153E-09
5.78392223005153E-09
5.78392223005153E-09
5.78392223005153E-09
5.78392223005153E-09
5.78392223005153E-09
5.78392223005153E-09
5.78392223005153E-09
5.78392223005153E-09
5.78392223005153E-09
5.78392223005153E-09
5.78392223005153E-09
5.78392223005153E-09
5.78392223005153E-09
5.78392223005153E-09
5.78392223005153E-09
5.78392223005153E-09
5.78392223005153E-09
5.78392223005153E-09
5.78392223005153E-09
5.78392223005153E-09
5.78392223005153E-09
8.9075702369712E-10
8.9075702369712E-10
8.9075702369712E-10
8.9075702369712E-10
8.9075702369712E-10
8.9075702369712E-10
8.9075702369712E-10
8.9075702369712E-10
8.9075702369712E-10
8.9075702369712E-10
8.9075702369712E-10

