0.102454825403798
0.102454825403798
0.102454825403798
0.0305043078754966
0.0305043078754966
0.0216364916462872
0.0109997711139815
0.0109997711139815
0.0109997711139815
0.0109997711139815
0.00703388664304808
0.00703388664304808
0.00703388664304808
0.00703388664304808
0.00703388664304808
0.00703388664304808
0.00216165091568121
0.00216165091568121
0.00216165091568121
0.00216165091568121
0.00216165091568121
0.00216165091568121
0.00216165091568121
0.00216165091568121
0.00216165091568121
0.00203192463086166
0.00203192463086166
0.00203192463086166
0.000117418073741882
0.000117418073741882
0.000117418073741882
0.000117418073741882
0.000117418073741882
0.000117418073741882
0.000117418073741882
0.000117418073741882
0.000117418073741882
0.000117418073741882
3.56323028125605E-05
3.56323028125605E-05
3.56323028125605E-05
3.56323028125605E-05
3.56323028125605E-05
3.56323028125605E-05
3.56323028125605E-05
3.56323028125605E-05
3.56323028125605E-05
3.56323028125605E-05
3.56323028125605E-05
3.56323028125605E-05
3.56323028125605E-05
3.56323028125605E-05
3.56323028125605E-05
3.56323028125605E-05
3.56323028125605E-05
3.56323028125605E-05
3.56323028125605E-05
3.56323028125605E-05
3.56323028125605E-05
3.56323028125605E-05
3.56323028125605E-05
3.56323028125605E-05
3.56323028125605E-05
3.56323028125605E-05
3.56323028125605E-05
3.56323028125605E-05
3.56323028125605E-05
3.56323028125605E-05
3.56323028125605E-05
3.56323028125605E-05
3.56323028125605E-05
3.56323028125605E-05
3.56323028125605E-05
1.02852898662409E-05
1.02852898662409E-05
1.02852898662409E-05
1.97850116301357E-06
1.97850116301357E-06
1.97850116301357E-06
1.97850116301357E-06
1.97850116301357E-06
1.97850116301357E-06
1.97850116301357E-06
1.97850116301357E-06
1.97850116301357E-06
1.97850116301357E-06
1.97850116301357E-06
1.97850116301357E-06
1.97850116301357E-06
1.97850116301357E-06
1.97850116301357E-06
1.97850116301357E-06
1.97850116301357E-06
1.97850116301357E-06
1.97850116301357E-06
1.97850116301357E-06
1.97850116301357E-06
1.97850116301357E-06
1.97850116301357E-06
1.97850116301357E-06
1.97850116301357E-06
1.97850116301357E-06
1.97850116301357E-06
1.97850116301357E-06
1.97850116301357E-06
1.97850116301357E-06
1.97850116301357E-06
1.97850116301357E-06
1.97850116301357E-06
1.97850116301357E-06
1.97850116301357E-06
1.27474127242788E-06
1.27474127242788E-06
1.27474127242788E-06
1.27474127242788E-06
1.27474127242788E-06
1.27474127242788E-06
1.27474127242788E-06
1.27474127242788E-06
1.27474127242788E-06
1.27474127242788E-06
1.27474127242788E-06
1.27474127242788E-06
1.27474127242788E-06
1.27474127242788E-06
1.27474127242788E-06
1.27474127242788E-06
1.27474127242788E-06
1.27474127242788E-06
1.27474127242788E-06
9.35164052973114E-07
9.35164052973114E-07
9.35164052973114E-07
9.35164052973114E-07
9.35164052973114E-07
9.35164052973114E-07
9.35164052973114E-07
9.35164052973114E-07
9.35164052973114E-07
9.35164052973114E-07
9.35164052973114E-07
9.35164052973114E-07
9.35164052973114E-07
9.35164052973114E-07
9.35164052973114E-07
9.35164052973114E-07
9.35164052973114E-07
9.35164052973114E-07
9.35164052973114E-07
9.35164052973114E-07
9.35164052973114E-07
9.35164052973114E-07
9.35164052973114E-07
9.35164052973114E-07
9.35164052973114E-07
9.35164052973114E-07
9.35164052973114E-07
9.35164052973114E-07
9.35164052973114E-07
9.35164052973114E-07
9.35164052973114E-07
9.35164052973114E-07
9.35164052973114E-07
9.35164052973114E-07
9.35164052973114E-07
9.35164052973114E-07
9.35164052973114E-07
9.35164052973114E-07
9.35164052973114E-07
9.35164052973114E-07
9.35164052973114E-07
9.35164052973114E-07
8.56256820003232E-07
8.56256820003232E-07
8.56256820003232E-07
8.56256820003232E-07
8.56256820003232E-07
8.56256820003232E-07
8.44422915924348E-07
8.44422915924348E-07
8.44422915924348E-07
7.1599551965118E-07
7.1599551965118E-07
7.1599551965118E-07
7.1599551965118E-07
7.1599551965118E-07
7.1599551965118E-07
7.1599551965118E-07
7.1599551965118E-07
7.1599551965118E-07
7.1599551965118E-07
7.1599551965118E-07
7.1599551965118E-07
7.1599551965118E-07
7.1599551965118E-07
7.1599551965118E-07
7.1599551965118E-07
7.1599551965118E-07
7.1599551965118E-07
7.1599551965118E-07
7.1599551965118E-07
7.1599551965118E-07
7.1599551965118E-07
3.0801134032199E-07
3.0801134032199E-07
3.0801134032199E-07
3.0801134032199E-07
3.0801134032199E-07
3.0801134032199E-07
3.0801134032199E-07
3.0801134032199E-07
3.0801134032199E-07
3.0801134032199E-07
3.0801134032199E-07
2.47042874046421E-07
2.47042874046421E-07
2.47042874046421E-07
2.47042874046421E-07
2.47042874046421E-07
2.47042874046421E-07
2.47042874046421E-07
2.47042874046421E-07
2.47042874046421E-07
2.47042874046421E-07
2.47042874046421E-07
2.47042874046421E-07
2.47042874046421E-07
2.47042874046421E-07
2.47042874046421E-07
2.47042874046421E-07
2.47042874046421E-07
2.47042874046421E-07
2.47042874046421E-07
2.47042874046421E-07
2.47042874046421E-07
2.47042874046421E-07
2.47042874046421E-07
2.47042874046421E-07
2.47042874046421E-07
2.47042874046421E-07
2.47042874046421E-07
2.47042874046421E-07
2.47042874046421E-07
2.47042874046421E-07
2.47042874046421E-07
2.47042874046421E-07
2.47042874046421E-07
2.47042874046421E-07
2.47042874046421E-07
2.47042874046421E-07
2.47042874046421E-07
1.87882538416062E-07
1.87882538416062E-07
1.87882538416062E-07
1.20387666502353E-07
1.20387666502353E-07
1.20387666502353E-07
1.20387666502353E-07
1.20387666502353E-07
1.20387666502353E-07
1.20387666502353E-07
1.20387666502353E-07
1.20387666502353E-07
1.20387666502353E-07
1.20387666502353E-07
1.20387666502353E-07
1.20387666502353E-07
1.20387666502353E-07
1.20387666502353E-07
1.20387666502353E-07
1.20387666502353E-07
1.20387666502353E-07
1.20387666502353E-07
1.20387666502353E-07
1.20387666502353E-07
1.20387666502353E-07
1.20387666502353E-07
1.20387666502353E-07
1.20387666502353E-07
1.20387666502353E-07
1.20387666502353E-07
1.20387666502353E-07
1.20387666502353E-07
1.20387666502353E-07
1.20387666502353E-07
1.20387666502353E-07
1.20387666502353E-07
1.20387666502353E-07
1.20387666502353E-07
1.20387666502353E-07
1.20387666502353E-07
1.20387666502353E-07
1.20387666502353E-07
1.20387666502353E-07
1.20387666502353E-07
1.20387666502353E-07
1.20387666502353E-07
1.20387666502353E-07
1.20387666502353E-07
1.20387666502353E-07
1.20387666502353E-07
1.20387666502353E-07
1.20387666502353E-07
1.20387666502353E-07
1.20387666502353E-07
1.20387666502353E-07
1.20387666502353E-07
1.18575869900717E-07
8.34099797009102E-08
8.34099797009102E-08
8.34099797009102E-08
8.34099797009102E-08
5.51909467016998E-08
5.51909467016998E-08
5.51909467016998E-08
5.51909467016998E-08
5.51909467016998E-08
5.51909467016998E-08
5.51909467016998E-08
5.51909467016998E-08
5.51909467016998E-08
5.51909467016998E-08
5.51909467016998E-08
5.51909467016998E-08
5.51909467016998E-08
5.51909467016998E-08
5.51909467016998E-08
5.51909467016998E-08
5.51909467016998E-08
5.51909467016998E-08
5.51909467016998E-08
5.51909467016998E-08
5.51909467016998E-08
5.51909467016998E-08
5.51909467016998E-08
5.51909467016998E-08
5.51909467016998E-08
5.51909467016998E-08
5.51909467016998E-08
5.51909467016998E-08
5.51909467016998E-08
5.51909467016998E-08
5.51909467016998E-08
4.53202541050857E-08
4.53202541050857E-08
4.53202541050857E-08
4.53202541050857E-08
4.53202541050857E-08
4.53202541050857E-08
4.53202541050857E-08
4.53202541050857E-08
4.53202541050857E-08
4.53202541050857E-08
4.53202541050857E-08
4.53202541050857E-08
4.53202541050857E-08
4.53202541050857E-08
1.43819016695801E-08
1.43819016695801E-08
1.43819016695801E-08
1.43819016695801E-08
1.43819016695801E-08
1.43819016695801E-08
1.32408043418408E-08
1.32408043418408E-08
1.32408043418408E-08
1.32408043418408E-08
7.6860715569893E-09
7.6860715569893E-09
7.6860715569893E-09
7.6860715569893E-09
7.6860715569893E-09
7.6860715569893E-09
7.6860715569893E-09
7.6860715569893E-09
7.6860715569893E-09
7.6860715569893E-09
7.6860715569893E-09
7.6860715569893E-09
7.6860715569893E-09
7.6860715569893E-09
7.6860715569893E-09
7.6860715569893E-09
7.6860715569893E-09
7.6860715569893E-09
7.6860715569893E-09
7.6860715569893E-09
7.6860715569893E-09
7.6860715569893E-09
7.6860715569893E-09
7.6860715569893E-09
7.6860715569893E-09
7.6860715569893E-09
7.6860715569893E-09
7.6860715569893E-09
7.6860715569893E-09
7.6860715569893E-09
7.6860715569893E-09
2.21190976645858E-09
2.21190976645858E-09
2.21190976645858E-09
2.21190976645858E-09
2.21190976645858E-09
2.21190976645858E-09
2.21190976645858E-09
2.21190976645858E-09
2.21190976645858E-09
2.21190976645858E-09
2.21190976645858E-09
2.21190976645858E-09
2.21190976645858E-09
2.21190976645858E-09
2.21190976645858E-09
2.21190976645858E-09
2.21190976645858E-09
2.21190976645858E-09
2.21190976645858E-09
2.21190976645858E-09
2.21190976645858E-09
2.21190976645858E-09
2.21190976645858E-09
2.21190976645858E-09
2.21190976645858E-09
2.21190976645858E-09
2.21190976645858E-09
2.21190976645858E-09
2.21190976645858E-09
2.21190976645858E-09
2.21190976645858E-09
2.21190976645858E-09
2.21190976645858E-09
2.21190976645858E-09
2.21190976645858E-09
2.21190976645858E-09
2.21190976645858E-09
2.21190976645858E-09
2.21190976645858E-09
2.21190976645858E-09
2.21190976645858E-09
2.21190976645858E-09
2.21190976645858E-09
2.21190976645858E-09
2.21190976645858E-09
2.21190976645858E-09
2.21190976645858E-09
2.21190976645858E-09
2.21190976645858E-09
2.21190976645858E-09
2.21190976645858E-09
2.21190976645858E-09
2.21190976645858E-09
2.21190976645858E-09
2.21190976645858E-09
2.21190976645858E-09
2.21190976645858E-09
2.21190976645858E-09
2.21190976645858E-09
2.21190976645858E-09
2.21190976645858E-09
2.21190976645858E-09
2.21190976645858E-09
2.21190976645858E-09
2.21190976645858E-09
2.21190976645858E-09
2.21190976645858E-09
2.21190976645858E-09
2.21190976645858E-09
2.21190976645858E-09
2.21190976645858E-09
2.21190976645858E-09
2.21190976645858E-09
2.21190976645858E-09
2.21190976645858E-09
1.94777405315705E-09
1.94777405315705E-09
1.94777405315705E-09
1.94777405315705E-09
1.94777405315705E-09
1.94777405315705E-09
1.94777405315705E-09
1.94777405315705E-09
1.94777405315705E-09
1.94777405315705E-09
1.94777405315705E-09
1.94777405315705E-09
1.94777405315705E-09
1.94777405315705E-09
1.94777405315705E-09
1.94777405315705E-09
1.94777405315705E-09
1.94777405315705E-09
1.94777405315705E-09
1.94777405315705E-09
1.94777405315705E-09
1.94777405315705E-09
1.94777405315705E-09
1.94777405315705E-09
1.94777405315705E-09
1.94777405315705E-09
1.94777405315705E-09

