0.186776545288383
0.109838246232303
0.0629874980237867
0.0628783634760564
0.0479274735428174
0.0479274735428174
0.0479274735428174
0.0479274735428174
0.0183493085677758
0.0183493085677758
0.0111357321877423
0.0111357321877423
0.0111357321877423
0.0111357321877423
0.00633897273188189
0.00633897273188189
0.00633897273188189
0.00451631517984297
0.00451631517984297
0.00451631517984297
0.00451631517984297
0.00399029599203082
0.00264682489058377
0.00149691977365496
0.00149691977365496
0.00144413405126487
0.00144413405126487
0.00135041272204173
0.00135041272204173
0.00126510036857819
0.00126510036857819
0.00126510036857819
0.00126510036857819
0.001155039205048
0.000792451140191552
0.000551443288135833
0.000551443288135833
0.000551443288135833
0.00028903421677462
0.000164214974917476
0.000146800470006592
0.000146800470006592
0.000146800470006592
0.000146800470006592
0.000146800470006592
0.000146800470006592
8.14171234927441E-05
8.14171234927441E-05
5.68408233927453E-05
5.68408233927453E-05
5.68408233927453E-05
5.68408233927453E-05
5.68408233927453E-05
2.65350177903745E-05
2.65350177903745E-05
2.65350177903745E-05
8.07900865074096E-06
8.07900865074096E-06
8.07900865074096E-06
8.07900865074096E-06
7.09475521987191E-06
7.09475521987191E-06
7.09475521987191E-06
7.09475521987191E-06
7.09475521987191E-06
7.09475521987191E-06
7.09475521987191E-06
7.09475521987191E-06
7.09475521987191E-06
7.09475521987191E-06
7.09475521987191E-06
7.09475521987191E-06
7.09475521987191E-06
7.09475521987191E-06
7.09475521987191E-06
7.09475521987191E-06
7.09475521987191E-06
7.09475521987191E-06
7.09475521987191E-06
7.09475521987191E-06
7.09475521987191E-06
7.09475521987191E-06
7.09475521987191E-06
7.09475521987191E-06
7.09475521987191E-06
7.09475521987191E-06
7.09475521987191E-06
7.09475521987191E-06
7.09475521987191E-06
7.09475521987191E-06
7.09475521987191E-06
7.09475521987191E-06
7.09475521987191E-06
7.09475521987191E-06
7.09475521987191E-06
7.09475521987191E-06
7.09475521987191E-06
7.09475521987191E-06
7.09475521987191E-06
7.09475521987191E-06
7.09475521987191E-06
7.09475521987191E-06
7.09475521987191E-06
6.16464802416505E-06
6.16464802416505E-06
6.16464802416505E-06
6.16464802416505E-06
6.16464802416505E-06
6.16464802416505E-06
6.16464802416505E-06
6.16464802416505E-06
5.18088821899187E-06
5.18088821899187E-06
5.18088821899187E-06
5.18088821899187E-06
5.18088821899187E-06
5.18088821899187E-06
5.18088821899187E-06
5.18088821899187E-06
5.18088821899187E-06
3.48085899826156E-06
3.72784598301479E-07
3.72784598301479E-07
3.72784598301479E-07
3.72784598301479E-07
3.72784598301479E-07
3.72784598301479E-07
3.72784598301479E-07
3.72784598301479E-07
3.72784598301479E-07
3.72784598301479E-07
3.72784598301479E-07
3.72784598301479E-07
3.72784598301479E-07
3.72784598301479E-07
3.72784598301479E-07
3.72784598301479E-07
3.72784598301479E-07
3.72784598301479E-07
3.72784598301479E-07
3.72784598301479E-07
3.72784598301479E-07
3.72784598301479E-07
3.72784598301479E-07
3.72784598301479E-07
3.72784598301479E-07
3.72784598301479E-07
3.72784598301479E-07
3.72784598301479E-07
3.72784598301479E-07
3.72784598301479E-07
3.72784598301479E-07
3.72784598301479E-07
3.72784598301479E-07
3.72784598301479E-07
3.72784598301479E-07
3.72784598301479E-07
3.72784598301479E-07
3.72784598301479E-07
3.72784598301479E-07
3.72784598301479E-07
3.72784598301479E-07
3.72784598301479E-07
3.72784598301479E-07
3.72784598301479E-07
3.72784598301479E-07
3.72784598301479E-07
3.72784598301479E-07
3.72784598301479E-07
3.72784598301479E-07
3.72784598301479E-07
3.72784598301479E-07
3.72784598301479E-07
3.72784598301479E-07
3.72784598301479E-07
3.72784598301479E-07
3.72784598301479E-07
3.72784598301479E-07
3.72784598301479E-07
3.72784598301479E-07
3.72784598301479E-07
3.72784598301479E-07
3.72784598301479E-07
3.72784598301479E-07
3.72784598301479E-07
3.72784598301479E-07
1.42807339287288E-07
1.42807339287288E-07
1.42807339287288E-07
1.42807339287288E-07
1.42807339287288E-07
1.42807339287288E-07
1.42807339287288E-07
1.42807339287288E-07
1.42807339287288E-07
1.42807339287288E-07
1.42807339287288E-07
1.42807339287288E-07
1.42807339287288E-07
1.42807339287288E-07
1.42807339287288E-07
1.42807339287288E-07
1.42807339287288E-07
1.42807339287288E-07
1.42807339287288E-07
1.42807339287288E-07
1.42807339287288E-07
1.42807339287288E-07
1.42807339287288E-07
1.42807339287288E-07
1.42807339287288E-07
1.42807339287288E-07
1.42807339287288E-07
1.42807339287288E-07
1.42807339287288E-07
1.42807339287288E-07
1.42807339287288E-07
1.42807339287288E-07
1.42807339287288E-07
1.42807339287288E-07
1.42807339287288E-07
1.42807339287288E-07
1.42807339287288E-07
1.42807339287288E-07
1.42807339287288E-07
1.42807339287288E-07
1.42807339287288E-07
1.42807339287288E-07
1.35913395649112E-07
1.35913395649112E-07
1.35913395649112E-07
1.35913395649112E-07
1.35913395649112E-07
1.35913395649112E-07
1.35913395649112E-07
1.35913395649112E-07
1.35913395649112E-07
1.35913395649112E-07
1.35913395649112E-07
1.35913395649112E-07
1.35913395649112E-07
1.35913395649112E-07
1.35913395649112E-07
1.35913395649112E-07
1.35913395649112E-07
1.35913395649112E-07
1.35913395649112E-07
1.35913395649112E-07
1.35913395649112E-07
1.35913395649112E-07
1.35913395649112E-07
1.35913395649112E-07
4.39940259777671E-08
4.39940259777671E-08
4.39940259777671E-08
4.39940259777671E-08
4.39940259777671E-08
4.39940259777671E-08
4.39940259777671E-08
4.39940259777671E-08
4.39940259777671E-08
4.39940259777671E-08
4.39940259777671E-08
4.39940259777671E-08
4.39940259777671E-08
4.39940259777671E-08
4.39940259777671E-08
4.39940259777671E-08
4.39940259777671E-08
4.39940259777671E-08
4.39940259777671E-08
4.39940259777671E-08
4.39940259777671E-08
4.39940259777671E-08
4.39940259777671E-08
4.39940259777671E-08
4.39940259777671E-08
4.39940259777671E-08
4.39940259777671E-08
4.39940259777671E-08
4.39940259777671E-08
4.39940259777671E-08
4.39940259777671E-08
4.39940259777671E-08
4.39940259777671E-08
4.39940259777671E-08
4.39940259777671E-08
4.39940259777671E-08
4.39940259777671E-08
4.39940259777671E-08
4.39940259777671E-08
4.39940259777671E-08
4.39940259777671E-08
4.39940259777671E-08
4.39940259777671E-08
4.39940259777671E-08
4.39940259777671E-08
4.39940259777671E-08
4.39940259777671E-08
4.39940259777671E-08
4.39940259777671E-08
4.39940259777671E-08
4.39940259777671E-08
1.57385542376431E-08
1.57385542376431E-08
1.57385542376431E-08
1.57385542376431E-08
1.57385542376431E-08
1.57385542376431E-08
1.57385542376431E-08
1.57385542376431E-08
1.57385542376431E-08
1.57385542376431E-08
1.57385542376431E-08
1.57385542376431E-08
1.57385542376431E-08
1.57385542376431E-08
1.57385542376431E-08
1.57385542376431E-08
1.57385542376431E-08
1.57385542376431E-08
1.57385542376431E-08
1.57385542376431E-08
1.57385542376431E-08
1.57385542376431E-08
1.57385542376431E-08
1.57385542376431E-08
1.57385542376431E-08
1.57385542376431E-08
1.57385542376431E-08
1.57385542376431E-08
1.57385542376431E-08
1.57385542376431E-08
1.57385542376431E-08
1.57385542376431E-08
1.57385542376431E-08
1.57385542376431E-08
1.57385542376431E-08
1.57385542376431E-08
1.57385542376431E-08
1.57385542376431E-08
1.57385542376431E-08
1.57385542376431E-08
1.57385542376431E-08
1.57385542376431E-08
1.57385542376431E-08
1.57385542376431E-08
1.57385542376431E-08
1.57385542376431E-08
1.57385542376431E-08
1.57385542376431E-08
1.57385542376431E-08
1.57385542376431E-08
1.57385542376431E-08
1.57385542376431E-08
1.57385542376431E-08
1.57385542376431E-08
1.57385542376431E-08
1.57385542376431E-08
1.57385542376431E-08
1.57385542376431E-08
1.57385542376431E-08
1.57385542376431E-08
1.57385542376431E-08
1.57385542376431E-08
1.57385542376431E-08
1.57385542376431E-08
1.57385542376431E-08
1.57385542376431E-08
1.57385542376431E-08
1.57385542376431E-08
1.57385542376431E-08
1.57385542376431E-08
1.57385542376431E-08
1.57385542376431E-08
1.57385542376431E-08
1.57385542376431E-08
1.57385542376431E-08
1.57385542376431E-08
1.57385542376431E-08
1.57385542376431E-08
1.57385542376431E-08
1.57385542376431E-08
1.57385542376431E-08
1.15688493229626E-08
1.15688493229626E-08
1.15688493229626E-08
1.15688493229626E-08
1.15688493229626E-08
1.15688493229626E-08
1.15688493229626E-08
1.15688493229626E-08
1.15688493229626E-08
1.15688493229626E-08
1.15688493229626E-08
1.15688493229626E-08
1.15688493229626E-08
1.15688493229626E-08
1.15688493229626E-08
1.15688493229626E-08
1.15688493229626E-08
1.15688493229626E-08
1.15688493229626E-08
1.15688493229626E-08
1.15688493229626E-08
1.15688493229626E-08
1.15688493229626E-08
1.15688493229626E-08
1.15688493229626E-08
2.17624618326084E-09
2.17624618326084E-09
2.17624618326084E-09
2.17624618326084E-09
2.17624618326084E-09
2.17624618326084E-09
2.17624618326084E-09
2.17624618326084E-09
2.17624618326084E-09
2.17624618326084E-09
2.17624618326084E-09
2.17624618326084E-09
2.17624618326084E-09
2.17624618326084E-09
2.17624618326084E-09
2.17624618326084E-09
2.17624618326084E-09
2.17624618326084E-09
2.17624618326084E-09
2.17624618326084E-09
2.17624618326084E-09
2.17624618326084E-09
2.17624618326084E-09
2.17624618326084E-09
2.17624618326084E-09
2.17624618326084E-09
2.17624618326084E-09
2.17624618326084E-09
2.17624618326084E-09
2.17624618326084E-09
2.17624618326084E-09
2.17624618326084E-09
1.48302448099713E-09
1.48302448099713E-09
1.48302448099713E-09
1.48302448099713E-09
1.48302448099713E-09
1.48302448099713E-09
1.48302448099713E-09
1.48302448099713E-09
1.48302448099713E-09
1.48302448099713E-09
1.48302448099713E-09
1.48302448099713E-09
1.48302448099713E-09
1.48302448099713E-09
1.48302448099713E-09
1.48302448099713E-09
1.48302448099713E-09
1.48302448099713E-09
1.48302448099713E-09
1.48302448099713E-09
1.48302448099713E-09
1.48302448099713E-09
1.48302448099713E-09
1.48302448099713E-09
1.48302448099713E-09
1.48302448099713E-09
1.48302448099713E-09
1.48302448099713E-09
1.48302448099713E-09
1.48302448099713E-09
1.48302448099713E-09
1.48302448099713E-09
1.48302448099713E-09
1.48302448099713E-09
1.48302448099713E-09
1.48302448099713E-09
1.48302448099713E-09
1.48302448099713E-09
1.48302448099713E-09
1.48302448099713E-09
1.48302448099713E-09
1.48302448099713E-09
1.48302448099713E-09
1.48302448099713E-09
1.48302448099713E-09
1.48302448099713E-09
1.48302448099713E-09
1.48302448099713E-09
1.48302448099713E-09
1.48302448099713E-09
1.48302448099713E-09
1.48302448099713E-09
1.48302448099713E-09
1.48302448099713E-09
1.48302448099713E-09
1.48302448099713E-09
1.48302448099713E-09
1.48302448099713E-09
1.48302448099713E-09

