0.193878605183877
0.134903258656801
0.0709712354340234
0.017969966848682
0.00864113459497298
0.00864113459497298
0.00659855977145161
0.00659855977145161
0.00659855977145161
0.00659855977145161
0.00659855977145161
0.00659855977145161
0.00659855977145161
0.00659855977145161
0.00582349576702215
0.00582349576702215
0.00582349576702215
0.00450003546172115
0.00450003546172115
0.00450003546172115
0.00450003546172115
0.00450003546172115
0.00450003546172115
0.00450003546172115
0.0032594662743245
0.0032594662743245
0.0032594662743245
0.0032594662743245
0.0032594662743245
0.0032594662743245
0.0032594662743245
0.000458815269646723
0.000458815269646723
0.000273445110265946
0.000273445110265946
0.000273445110265946
0.000273445110265946
0.000273445110265946
0.000273445110265946
0.000273445110265946
0.000273445110265946
0.000273445110265946
0.000273445110265946
0.000273445110265946
0.000273445110265946
0.000273445110265946
0.000273445110265946
0.000273445110265946
0.000273445110265946
0.000273445110265946
0.000273445110265946
5.94052379124799E-05
5.94052379124799E-05
5.94052379124799E-05
5.94052379124799E-05
5.94052379124799E-05
5.94052379124799E-05
5.94052379124799E-05
5.94052379124799E-05
5.94052379124799E-05
5.94052379124799E-05
5.94052379124799E-05
5.94052379124799E-05
5.94052379124799E-05
5.94052379124799E-05
5.65916120816023E-05
5.65916120816023E-05
5.65916120816023E-05
5.65916120816023E-05
5.65916120816023E-05
5.65916120816023E-05
5.65916120816023E-05
5.65916120816023E-05
5.65916120816023E-05
5.65916120816023E-05
5.65916120816023E-05
5.65916120816023E-05
5.65916120816023E-05
5.65916120816023E-05
5.65916120816023E-05
5.18366346144994E-05
5.18366346144994E-05
5.18366346144994E-05
5.18366346144994E-05
5.18366346144994E-05
4.9241387857446E-05
4.91474634485289E-05
4.91474634485289E-05
4.91474634485289E-05
4.91474634485289E-05
4.91474634485289E-05
4.01401942949908E-05
4.01401942949908E-05
3.04140924148877E-05
1.56876583622401E-05
1.56876583622401E-05
1.56876583622401E-05
1.56876583622401E-05
1.56876583622401E-05
1.56876583622401E-05
1.56876583622401E-05
1.56876583622401E-05
1.56876583622401E-05
1.18287837421738E-05
1.18287837421738E-05
1.18287837421738E-05
1.18287837421738E-05
1.18287837421738E-05
1.18287837421738E-05
8.57695844713735E-06
8.57695844713735E-06
8.57695844713735E-06
8.57695844713735E-06
8.49814252745773E-06
8.49814252745773E-06
8.49814252745773E-06
5.89506362946857E-06
5.89506362946857E-06
5.89506362946857E-06
5.89506362946857E-06
5.89506362946857E-06
5.89506362946857E-06
5.89506362946857E-06
5.89506362946857E-06
5.89506362946857E-06
5.89506362946857E-06
5.89506362946857E-06
5.89506362946857E-06
5.89506362946857E-06
5.89506362946857E-06
5.89506362946857E-06
5.89506362946857E-06
5.89506362946857E-06
5.89506362946857E-06
5.89506362946857E-06
5.89506362946857E-06
5.89506362946857E-06
5.89506362946857E-06
3.51587242874984E-06
3.46412272878016E-06
3.46412272878016E-06
3.46412272878016E-06
3.46412272878016E-06
3.46412272878016E-06
3.46412272878016E-06
3.46412272878016E-06
3.46412272878016E-06
3.46412272878016E-06
3.46412272878016E-06
3.46412272878016E-06
2.74611600470376E-06
2.74611600470376E-06
2.74611600470376E-06
2.74611600470376E-06
2.74611600470376E-06
2.74611600470376E-06
1.18510569413477E-06
1.18510569413477E-06
1.18510569413477E-06
1.18510569413477E-06
1.18510569413477E-06
1.18510569413477E-06
1.18510569413477E-06
1.18510569413477E-06
8.51177013427851E-07
8.51177013427851E-07
8.51177013427851E-07
8.51177013427851E-07
8.51177013427851E-07
8.51177013427851E-07
8.51177013427851E-07
8.51177013427851E-07
8.51177013427851E-07
8.51177013427851E-07
8.51177013427851E-07
8.51177013427851E-07
8.51177013427851E-07
8.51177013427851E-07
8.51177013427851E-07
8.51177013427851E-07
8.51177013427851E-07
8.51177013427851E-07
8.51177013427851E-07
8.51177013427851E-07
8.51177013427851E-07
8.51177013427851E-07
8.51177013427851E-07
8.51177013427851E-07
8.51177013427851E-07
8.51177013427851E-07
8.51177013427851E-07
8.51177013427851E-07
8.51177013427851E-07
8.51177013427851E-07
8.51177013427851E-07
8.51177013427851E-07
8.51177013427851E-07
7.8881156428956E-07
7.8881156428956E-07
7.8881156428956E-07
7.8881156428956E-07
7.8881156428956E-07
7.8881156428956E-07
7.8881156428956E-07
7.8881156428956E-07
7.8881156428956E-07
7.8881156428956E-07
7.8881156428956E-07
7.8881156428956E-07
7.8881156428956E-07
7.8881156428956E-07
7.8881156428956E-07
7.8881156428956E-07
7.8881156428956E-07
7.8881156428956E-07
7.8881156428956E-07
7.8881156428956E-07
7.8881156428956E-07
1.98874914425495E-07
1.98874914425495E-07
1.98874914425495E-07
1.98874914425495E-07
1.98874914425495E-07
1.98874914425495E-07
1.98874914425495E-07
1.98874914425495E-07
1.98874914425495E-07
1.98874914425495E-07
1.98874914425495E-07
1.98874914425495E-07
1.98874914425495E-07
1.98874914425495E-07
1.98874914425495E-07
1.98874914425495E-07
1.98874914425495E-07
1.98874914425495E-07
1.98874914425495E-07
1.98874914425495E-07
1.98874914425495E-07
1.77409705925946E-07
1.77409705925946E-07
1.77409705925946E-07
1.77409705925946E-07
1.77409705925946E-07
1.77409705925946E-07
1.77409705925946E-07
1.77409705925946E-07
1.77409705925946E-07
1.77409705925946E-07
9.7565639678443E-08
9.7565639678443E-08
9.7565639678443E-08
9.7565639678443E-08
9.7565639678443E-08
9.7565639678443E-08
9.7565639678443E-08
9.7565639678443E-08
9.7565639678443E-08
9.7565639678443E-08
9.7565639678443E-08
9.7565639678443E-08
9.7565639678443E-08
9.7565639678443E-08
9.7565639678443E-08
9.7565639678443E-08
9.7565639678443E-08
9.7565639678443E-08
9.7565639678443E-08
9.7565639678443E-08
9.7565639678443E-08
9.7565639678443E-08
9.7565639678443E-08
9.7565639678443E-08
9.7565639678443E-08
9.7565639678443E-08
9.7565639678443E-08
9.7565639678443E-08
9.7565639678443E-08
9.7565639678443E-08
9.7565639678443E-08
9.7565639678443E-08
9.7565639678443E-08
9.7565639678443E-08
9.7565639678443E-08
2.38287637399637E-08
2.38287637399637E-08
2.38287637399637E-08
2.38287637399637E-08
2.38287637399637E-08
2.38287637399637E-08
2.38287637399637E-08
2.38287637399637E-08
2.38287637399637E-08
2.38287637399637E-08
2.38287637399637E-08
2.38287637399637E-08
2.38287637399637E-08
2.38287637399637E-08
2.38287637399637E-08
2.38287637399637E-08
2.38287637399637E-08
2.38287637399637E-08
2.38287637399637E-08
2.38287637399637E-08
2.38287637399637E-08
2.38287637399637E-08
2.38287637399637E-08
2.38287637399637E-08
2.38287637399637E-08
2.38287637399637E-08
2.38287637399637E-08
2.38287637399637E-08
2.38287637399637E-08
2.38287637399637E-08
2.38287637399637E-08
2.38287637399637E-08
2.38287637399637E-08
2.38287637399637E-08
2.38287637399637E-08
2.38287637399637E-08
2.38287637399637E-08
2.38287637399637E-08
2.38287637399637E-08
2.38287637399637E-08
2.38287637399637E-08
2.38287637399637E-08
2.38287637399637E-08
2.38287637399637E-08
2.38287637399637E-08
2.38287637399637E-08
2.38287637399637E-08
2.38287637399637E-08
2.38287637399637E-08
2.38287637399637E-08
2.38287637399637E-08
2.38287637399637E-08
2.38287637399637E-08
2.38287637399637E-08
1.83756566629611E-08
1.83756566629611E-08
1.83756566629611E-08
1.83756566629611E-08
1.83756566629611E-08
1.83756566629611E-08
1.83756566629611E-08
1.83756566629611E-08
1.83756566629611E-08
1.83756566629611E-08
1.83756566629611E-08
1.83756566629611E-08
1.83756566629611E-08
1.83756566629611E-08
1.83756566629611E-08
1.83756566629611E-08
1.83756566629611E-08
1.83756566629611E-08
1.83756566629611E-08
1.83756566629611E-08
1.83756566629611E-08
1.83756566629611E-08
1.83756566629611E-08
1.83756566629611E-08
1.83756566629611E-08
1.83756566629611E-08
1.83756566629611E-08
1.07530923054711E-08
1.07530923054711E-08
1.07530923054711E-08
1.07530923054711E-08
1.07530923054711E-08
1.07530923054711E-08
1.07530923054711E-08
1.07530923054711E-08
1.07530923054711E-08
1.07530923054711E-08
1.07530923054711E-08
1.07530923054711E-08
1.07530923054711E-08
1.07530923054711E-08
1.07530923054711E-08
1.07530923054711E-08
1.07530923054711E-08
1.07530923054711E-08
1.07530923054711E-08
1.07530923054711E-08
1.07530923054711E-08
1.07530923054711E-08
1.07530923054711E-08
1.07530923054711E-08
1.07530923054711E-08
1.07530923054711E-08
1.07530923054711E-08
1.07530923054711E-08
1.07530923054711E-08
1.07530923054711E-08
1.07530923054711E-08
1.07530923054711E-08
1.07530923054711E-08
1.07530923054711E-08
1.07530923054711E-08
1.07530923054711E-08
1.07530923054711E-08
1.07530923054711E-08
1.04590924809855E-08
1.04590924809855E-08
1.04590924809855E-08
1.04590924809855E-08
1.04590924809855E-08
1.04590924809855E-08
1.04590924809855E-08
1.04590924809855E-08
1.04590924809855E-08
1.04590924809855E-08
1.04590924809855E-08
1.04590924809855E-08
1.04590924809855E-08
1.04590924809855E-08
1.04590924809855E-08
1.04590924809855E-08
1.04590924809855E-08
1.04590924809855E-08
1.04590924809855E-08
1.04590924809855E-08
1.04590924809855E-08
1.04590924809855E-08
1.04590924809855E-08
1.04590924809855E-08
1.04590924809855E-08
1.04590924809855E-08
1.04590924809855E-08
1.04590924809855E-08
1.04590924809855E-08
1.97563509996002E-09
1.97563509996002E-09
1.97563509996002E-09
1.97563509996002E-09
1.97563509996002E-09
1.97563509996002E-09
1.97563509996002E-09
1.97563509996002E-09
1.97563509996002E-09
1.97563509996002E-09
1.97563509996002E-09
1.97563509996002E-09
1.97563509996002E-09
1.97563509996002E-09
1.97563509996002E-09
1.97563509996002E-09
1.97563509996002E-09
1.97563509996002E-09
1.97563509996002E-09
1.97563509996002E-09
1.97563509996002E-09
1.97563509996002E-09
1.97563509996002E-09
1.97563509996002E-09
1.97563509996002E-09
1.97563509996002E-09
1.97563509996002E-09
1.97563509996002E-09
1.97563509996002E-09
1.97563509996002E-09
1.97563509996002E-09
1.97563509996002E-09
1.97563509996002E-09
1.97563509996002E-09
1.97563509996002E-09
1.97563509996002E-09
1.97563509996002E-09
1.97563509996002E-09
1.97563509996002E-09
1.97563509996002E-09
1.97563509996002E-09
1.97563509996002E-09
1.97563509996002E-09
1.97563509996002E-09
1.97563509996002E-09
1.97563509996002E-09
1.97563509996002E-09
1.97563509996002E-09
1.97563509996002E-09
1.97563509996002E-09
1.97563509996002E-09
1.97563509996002E-09
1.97563509996002E-09
1.97563509996002E-09
1.97563509996002E-09
1.97563509996002E-09
1.97563509996002E-09
1.97563509996002E-09
1.97563509996002E-09
1.97563509996002E-09
1.97563509996002E-09
1.97563509996002E-09
1.97563509996002E-09
1.97563509996002E-09
1.97563509996002E-09
1.97563509996002E-09
1.97563509996002E-09
1.97563509996002E-09

