0.0366107134078979
0.0366107134078979
0.0366107134078979
0.0187086533936349
0.0168041113409084
0.0168041113409084
0.0130162764307556
0.0130162764307556
0.0128570884827137
0.0126317274161997
0.0110630747097402
0.0105087049680542
0.00821719648539798
0.00821719648539798
0.00821719648539798
0.00308131551258339
0.00308131551258339
0.00308131551258339
0.00308131551258339
0.00308131551258339
0.00308131551258339
0.00140253669857304
0.00140253669857304
0.00123683507556482
0.000335059198064758
0.000335059198064758
0.000335059198064758
0.000335059198064758
0.000335059198064758
0.000335059198064758
0.000335059198064758
0.000335059198064758
0.000335059198064758
0.000335059198064758
0.000335059198064758
0.000335059198064758
0.000247820398345922
0.000247820398345922
0.000247820398345922
0.000247820398345922
0.000247820398345922
0.000247820398345922
0.000247820398345922
0.000247820398345922
0.000247820398345922
0.000247820398345922
0.000115823595812747
0.000115823595812747
0.000115823595812747
0.000115823595812747
7.36505603720072E-05
6.76811649555908E-05
6.76811649555908E-05
6.76811649555908E-05
6.76811649555908E-05
6.76811649555908E-05
6.76811649555908E-05
6.76811649555908E-05
6.76811649555908E-05
6.76811649555908E-05
5.28013071744438E-05
5.19002944948666E-05
5.19002944948666E-05
5.19002944948666E-05
5.19002944948666E-05
5.19002944948666E-05
5.19002944948666E-05
5.19002944948666E-05
5.19002944948666E-05
1.47008796949066E-05
1.47008796949066E-05
1.47008796949066E-05
1.47008796949066E-05
1.47008796949066E-05
1.47008796949066E-05
1.47008796949066E-05
1.08519021945197E-05
2.28994748896483E-06
2.28994748896483E-06
2.28994748896483E-06
2.28994748896483E-06
2.28994748896483E-06
2.28994748896483E-06
2.28994748896483E-06
2.28994748896483E-06
2.28994748896483E-06
2.28994748896483E-06
2.28994748896483E-06
2.28994748896483E-06
2.28994748896483E-06
2.28994748896483E-06
2.28994748896483E-06
2.28994748896483E-06
2.28994748896483E-06
2.28994748896483E-06
2.28994748896483E-06
2.28994748896483E-06
2.28994748896483E-06
2.28994748896483E-06
2.17474706776244E-06
2.17474706776244E-06
2.17474706776244E-06
2.17474706776244E-06
2.17474706776244E-06
2.17474706776244E-06
2.17474706776244E-06
2.17474706776244E-06
2.17474706776244E-06
2.17474706776244E-06
2.17474706776244E-06
2.17474706776244E-06
2.17474706776244E-06
2.17474706776244E-06
2.17474706776244E-06
2.17474706776244E-06
2.17474706776244E-06
2.17474706776244E-06
2.17474706776244E-06
2.17474706776244E-06
2.17474706776244E-06
2.17474706776244E-06
2.17474706776244E-06
2.17474706776244E-06
2.17474706776244E-06
2.17474706776244E-06
2.17474706776244E-06
2.17474706776244E-06
2.17474706776244E-06
2.17474706776244E-06
2.17474706776244E-06
2.17474706776244E-06
2.17474706776244E-06
2.17474706776244E-06
2.17474706776244E-06
1.58364606539507E-06
1.58364606539507E-06
1.58364606539507E-06
1.58364606539507E-06
1.58364606539507E-06
1.58364606539507E-06
1.58364606539507E-06
1.43447796929763E-06
1.43447796929763E-06
1.43447796929763E-06
1.43447796929763E-06
1.43447796929763E-06
1.43447796929763E-06
1.43447796929763E-06
1.43447796929763E-06
1.43447796929763E-06
1.43447796929763E-06
1.43447796929763E-06
1.43447796929763E-06
1.43447796929763E-06
1.43447796929763E-06
1.43447796929763E-06
1.43447796929763E-06
1.43447796929763E-06
1.43447796929763E-06
1.43447796929763E-06
1.43447796929763E-06
1.43447796929763E-06
1.43447796929763E-06
1.43447796929763E-06
1.43447796929763E-06
1.43447796929763E-06
1.43447796929763E-06
1.43447796929763E-06
1.43447796929763E-06
1.43447796929763E-06
1.43447796929763E-06
1.43447796929763E-06
1.43447796929763E-06
1.43447796929763E-06
1.43447796929763E-06
1.43447796929763E-06
1.43447796929763E-06
1.43447796929763E-06
1.43447796929763E-06
1.43447796929763E-06
1.43447796929763E-06
1.43447796929763E-06
1.43447796929763E-06
1.43447796929763E-06
5.60102092816983E-07
5.60102092816983E-07
5.60102092816983E-07
5.60102092816983E-07
5.60102092816983E-07
5.60102092816983E-07
5.60102092816983E-07
5.60102092816983E-07
4.61562434272977E-07
4.61562434272977E-07
4.61562434272977E-07
4.61562434272977E-07
4.61562434272977E-07
4.61562434272977E-07
4.61562434272977E-07
4.61562434272977E-07
4.61562434272977E-07
4.61562434272977E-07
4.61562434272977E-07
4.61562434272977E-07
4.61562434272977E-07
4.61562434272977E-07
4.61562434272977E-07
4.61562434272977E-07
4.61562434272977E-07
4.61562434272977E-07
4.61562434272977E-07
4.61562434272977E-07
4.61562434272977E-07
4.61562434272977E-07
4.61562434272977E-07
4.61562434272977E-07
4.61562434272977E-07
4.61562434272977E-07
4.61562434272977E-07
4.61562434272977E-07
4.61562434272977E-07
4.61562434272977E-07
4.61562434272977E-07
4.61562434272977E-07
4.61562434272977E-07
4.61562434272977E-07
4.61562434272977E-07
4.61562434272977E-07
4.61562434272977E-07
4.61562434272977E-07
4.61562434272977E-07
4.61562434272977E-07
4.61562434272977E-07
4.61562434272977E-07
4.61562434272977E-07
4.61562434272977E-07
4.61562434272977E-07
4.61562434272977E-07
4.61562434272977E-07
4.00110402809517E-07
4.00110402809517E-07
4.00110402809517E-07
4.00110402809517E-07
4.00110402809517E-07
4.00110402809517E-07
4.00110402809517E-07
4.00110402809517E-07
4.00110402809517E-07
4.00110402809517E-07
4.00110402809517E-07
4.00110402809517E-07
4.00110402809517E-07
4.00110402809517E-07
4.00110402809517E-07
4.00110402809517E-07
4.00110402809517E-07
4.00110402809517E-07
4.00110402809517E-07
3.74705289685195E-07
3.74705289685195E-07
3.74705289685195E-07
3.74705289685195E-07
3.74705289685195E-07
3.74705289685195E-07
3.74705289685195E-07
3.74705289685195E-07
3.74705289685195E-07
3.74705289685195E-07
3.66524283257341E-07
3.66524283257341E-07
3.66524283257341E-07
3.66524283257341E-07
3.03679414836999E-07
3.03679414836999E-07
3.03679414836999E-07
3.03679414836999E-07
3.03679414836999E-07
3.03679414836999E-07
3.03679414836999E-07
3.03679414836999E-07
1.81677289434745E-07
1.81677289434745E-07
1.81677289434745E-07
1.81677289434745E-07
1.81677289434745E-07
1.81677289434745E-07
1.81677289434745E-07
1.81677289434745E-07
1.81677289434745E-07
1.81677289434745E-07
1.81677289434745E-07
1.81677289434745E-07
1.81677289434745E-07
1.81677289434745E-07
1.81677289434745E-07
1.81677289434745E-07
1.0447087772647E-07
1.0447087772647E-07
1.0447087772647E-07
1.0447087772647E-07
1.0447087772647E-07
9.14853253153325E-08
9.14853253153325E-08
9.14853253153325E-08
9.14853253153325E-08
9.14853253153325E-08
9.14853253153325E-08
9.14853253153325E-08
9.14853253153325E-08
9.14853253153325E-08
9.14853253153325E-08
9.14853253153325E-08
9.14853253153325E-08
9.14853253153325E-08
9.14853253153325E-08
9.14853253153325E-08
9.14853253153325E-08
9.14853253153325E-08
9.14853253153325E-08
9.14853253153325E-08
9.14853253153325E-08
9.14853253153325E-08
9.14853253153325E-08
9.14853253153325E-08
9.14853253153325E-08
9.14853253153325E-08
9.14853253153325E-08
9.14853253153325E-08
6.77374650814855E-08
6.77374650814855E-08
6.77374650814855E-08
6.77374650814855E-08
6.77374650814855E-08
6.77374650814855E-08
6.77374650814855E-08
6.77374650814855E-08
6.77374650814855E-08
6.77374650814855E-08
6.77374650814855E-08
6.77374650814855E-08
6.77374650814855E-08
6.77374650814855E-08
6.77374650814855E-08
6.77374650814855E-08
6.77374650814855E-08
6.77374650814855E-08
6.77374650814855E-08
6.77374650814855E-08
6.77374650814855E-08
6.77374650814855E-08
6.77374650814855E-08
6.77374650814855E-08
6.77374650814855E-08
6.77374650814855E-08
1.4555432081842E-08
1.4555432081842E-08
1.4555432081842E-08
1.4555432081842E-08
1.4555432081842E-08
1.4555432081842E-08
1.4555432081842E-08
1.4555432081842E-08
1.4555432081842E-08
1.4555432081842E-08
1.4555432081842E-08
1.4555432081842E-08
1.4555432081842E-08
1.4555432081842E-08
1.4555432081842E-08
1.4555432081842E-08
1.18056966424973E-08
1.18056966424973E-08
1.18056966424973E-08
1.18056966424973E-08
1.18056966424973E-08
1.18056966424973E-08
1.18056966424973E-08
1.18056966424973E-08
1.18056966424973E-08
1.18056966424973E-08
1.18056966424973E-08
1.18056966424973E-08
1.18056966424973E-08
1.18056966424973E-08
1.18056966424973E-08
1.18056966424973E-08
1.18056966424973E-08
1.18056966424973E-08
1.18056966424973E-08
1.18056966424973E-08
1.18056966424973E-08
1.18056966424973E-08
1.18056966424973E-08
1.18056966424973E-08
1.18056966424973E-08
1.18056966424973E-08
1.18056966424973E-08
1.18056966424973E-08
1.18056966424973E-08
1.18056966424973E-08
1.18056966424973E-08
1.18056966424973E-08
1.18056966424973E-08
1.18056966424973E-08
1.18056966424973E-08
1.18056966424973E-08
1.18056966424973E-08
1.18056966424973E-08
1.18056966424973E-08
1.18056966424973E-08
1.18056966424973E-08
1.18056966424973E-08
1.18056966424973E-08
1.18056966424973E-08
1.18056966424973E-08
1.18056966424973E-08
1.18056966424973E-08
1.18056966424973E-08
1.18056966424973E-08
1.18056966424973E-08
1.18056966424973E-08
1.18056966424973E-08
1.18056966424973E-08
1.18056966424973E-08
1.18056966424973E-08
1.18056966424973E-08
1.18056966424973E-08
1.18056966424973E-08
1.18056966424973E-08
1.18056966424973E-08
1.18056966424973E-08
1.18056966424973E-08
1.18056966424973E-08
1.18056966424973E-08
1.18056966424973E-08
1.18056966424973E-08
1.18056966424973E-08
1.18056966424973E-08
1.18056966424973E-08
1.18056966424973E-08
1.18056966424973E-08
1.18056966424973E-08
1.18056966424973E-08
1.18056966424973E-08
1.18056966424973E-08
1.18056966424973E-08
1.18056966424973E-08
1.18056966424973E-08
1.18056966424973E-08
1.18056966424973E-08
1.18056966424973E-08
1.18056966424973E-08
7.53583118129342E-09
7.53583118129342E-09
7.53583118129342E-09
7.18223069906543E-09
7.18223069906543E-09
7.18223069906543E-09
7.18223069906543E-09
7.18223069906543E-09
7.18223069906543E-09
7.18223069906543E-09
7.18223069906543E-09
7.18223069906543E-09
7.18223069906543E-09
7.18223069906543E-09
7.18223069906543E-09
7.18223069906543E-09
7.18223069906543E-09
7.18223069906543E-09
7.18223069906543E-09
7.18223069906543E-09
7.18223069906543E-09
7.18223069906543E-09
7.18223069906543E-09
7.18223069906543E-09
7.18223069906543E-09
7.18223069906543E-09
7.18223069906543E-09
7.18223069906543E-09
7.18223069906543E-09
7.18223069906543E-09
7.18223069906543E-09
7.18223069906543E-09
7.18223069906543E-09
7.18223069906543E-09
7.18223069906543E-09
7.18223069906543E-09
7.18223069906543E-09
7.18223069906543E-09
7.18223069906543E-09
7.18223069906543E-09
7.18223069906543E-09
7.18223069906543E-09
7.18223069906543E-09
7.14362524689705E-09
7.14362524689705E-09
7.14362524689705E-09
7.14362524689705E-09
7.14362524689705E-09

