0.0179988609387889
0.0179988609387889
0.0179988609387889
0.0124164486865711
0.0124164486865711
0.00139481214078152
0.00139481214078152
0.00139481214078152
0.00139481214078152
0.00139481214078152
0.00139481214078152
0.00139481214078152
0.00139481214078152
0.00139481214078152
0.00139481214078152
0.00139481214078152
0.00139481214078152
0.00139481214078152
0.00139481214078152
0.00139481214078152
0.00139481214078152
0.00139481214078152
0.0013673973196216
0.0013673973196216
0.0013673973196216
0.00124509166724054
0.00124509166724054
0.00109211213531579
0.00109211213531579
0.00109211213531579
0.00109211213531579
0.00109211213531579
0.00109211213531579
0.000445623208069734
0.000445623208069734
0.000445623208069734
0.000162526598270096
0.000162526598270096
0.000162526598270096
0.000162526598270096
0.000162526598270096
0.000162526598270096
0.000162526598270096
0.000162526598270096
0.000130649115252374
8.70189755947381E-05
8.70189755947381E-05
8.70189755947381E-05
8.70189755947381E-05
8.70189755947381E-05
8.70189755947381E-05
8.70189755947381E-05
8.70189755947381E-05
8.70189755947381E-05
8.70189755947381E-05
8.70189755947381E-05
7.79366732190645E-05
6.90460798338788E-05
6.90460798338788E-05
4.36222477925297E-05
4.36222477925297E-05
4.36222477925297E-05
4.36222477925297E-05
4.36222477925297E-05
4.36222477925297E-05
4.36222477925297E-05
3.83564542410231E-05
2.48724790105626E-05
2.48724790105626E-05
2.48724790105626E-05
2.48724790105626E-05
2.48724790105626E-05
2.48724790105626E-05
2.48724790105626E-05
2.48724790105626E-05
2.48724790105626E-05
2.48724790105626E-05
2.48724790105626E-05
2.42321929434242E-05
2.25477953960385E-05
2.25477953960385E-05
2.25477953960385E-05
2.25477953960385E-05
2.25477953960385E-05
2.25477953960385E-05
2.25477953960385E-05
2.25477953960385E-05
2.25477953960385E-05
2.03375675348616E-05
2.03375675348616E-05
2.03375675348616E-05
2.03375675348616E-05
2.03375675348616E-05
2.03375675348616E-05
2.03375675348616E-05
1.272136158878E-05
1.14082944136784E-05
1.14082944136784E-05
1.14082944136784E-05
1.14082944136784E-05
1.14082944136784E-05
1.14082944136784E-05
1.14082944136784E-05
1.14082944136784E-05
1.14082944136784E-05
1.14082944136784E-05
4.11749229919933E-06
4.11749229919933E-06
4.11749229919933E-06
4.11749229919933E-06
4.11749229919933E-06
4.11749229919933E-06
4.11749229919933E-06
4.11749229919933E-06
4.11749229919933E-06
4.11749229919933E-06
4.11749229919933E-06
4.11749229919933E-06
4.11749229919933E-06
4.11749229919933E-06
4.11749229919933E-06
4.11749229919933E-06
4.11749229919933E-06
4.11749229919933E-06
4.11749229919933E-06
4.11749229919933E-06
4.11749229919933E-06
4.11749229919933E-06
4.11749229919933E-06
4.11749229919933E-06
4.11749229919933E-06
4.11749229919933E-06
4.11749229919933E-06
4.11749229919933E-06
4.11749229919933E-06
4.11749229919933E-06
4.11749229919933E-06
4.11749229919933E-06
4.11749229919933E-06
3.73469493453182E-06
3.73469493453182E-06
3.73469493453182E-06
3.73469493453182E-06
3.73469493453182E-06
3.73469493453182E-06
3.73469493453182E-06
3.73469493453182E-06
3.73469493453182E-06
3.73469493453182E-06
3.73469493453182E-06
3.73469493453182E-06
2.8817632392597E-06
2.8817632392597E-06
2.8817632392597E-06
2.8817632392597E-06
2.8817632392597E-06
2.8817632392597E-06
2.8817632392597E-06
2.41366109635099E-06
2.41366109635099E-06
8.92033321125973E-07
8.92033321125973E-07
8.92033321125973E-07
8.92033321125973E-07
8.92033321125973E-07
8.92033321125973E-07
8.92033321125973E-07
8.92033321125973E-07
8.92033321125973E-07
8.92033321125973E-07
8.92033321125973E-07
8.92033321125973E-07
8.92033321125973E-07
8.92033321125973E-07
8.92033321125973E-07
8.92033321125973E-07
8.92033321125973E-07
8.92033321125973E-07
8.92033321125973E-07
8.92033321125973E-07
8.92033321125973E-07
8.92033321125973E-07
8.92033321125973E-07
8.92033321125973E-07
8.92033321125973E-07
8.92033321125973E-07
8.92033321125973E-07
8.92033321125973E-07
8.92033321125973E-07
8.92033321125973E-07
8.92033321125973E-07
8.92033321125973E-07
8.92033321125973E-07
6.77921897784817E-07
6.77921897784817E-07
6.77921897784817E-07
6.77921897784817E-07
6.77921897784817E-07
6.77921897784817E-07
6.77921897784817E-07
6.77921897784817E-07
6.77921897784817E-07
6.77921897784817E-07
6.77921897784817E-07
6.77921897784817E-07
6.77921897784817E-07
6.77921897784817E-07
6.77921897784817E-07
6.77921897784817E-07
6.77921897784817E-07
6.77921897784817E-07
6.77921897784817E-07
6.77921897784817E-07
6.77921897784817E-07
6.77921897784817E-07
6.77921897784817E-07
6.77921897784817E-07
6.77921897784817E-07
6.77921897784817E-07
6.77921897784817E-07
6.77921897784817E-07
6.77921897784817E-07
6.77921897784817E-07
6.77921897784817E-07
6.77921897784817E-07
6.77921897784817E-07
6.77921897784817E-07
6.77921897784817E-07
4.95232403141532E-07
4.95232403141532E-07
4.95232403141532E-07
4.95232403141532E-07
4.95232403141532E-07
4.95232403141532E-07
4.95232403141532E-07
4.95232403141532E-07
4.95232403141532E-07
4.95232403141532E-07
4.95232403141532E-07
4.95232403141532E-07
4.95232403141532E-07
4.95232403141532E-07
4.95232403141532E-07
4.95232403141532E-07
4.95232403141532E-07
4.95232403141532E-07
4.95232403141532E-07
4.95232403141532E-07
4.95232403141532E-07
4.95232403141532E-07
4.95232403141532E-07
4.95232403141532E-07
4.95232403141532E-07
4.95232403141532E-07
4.95232403141532E-07
4.95232403141532E-07
4.95232403141532E-07
4.95232403141532E-07
4.95232403141532E-07
4.95232403141532E-07
4.95232403141532E-07
4.95232403141532E-07
4.92469499902004E-08
4.92469499902004E-08
4.92469499902004E-08
4.92469499902004E-08
4.92469499902004E-08
4.92469499902004E-08
4.92469499902004E-08
4.92469499902004E-08
4.92469499902004E-08
4.92469499902004E-08
4.92469499902004E-08
4.92469499902004E-08
4.92469499902004E-08
4.92469499902004E-08
4.92469499902004E-08
4.92469499902004E-08
4.92469499902004E-08
4.92469499902004E-08
4.92469499902004E-08
4.92469499902004E-08
4.92469499902004E-08
4.92469499902004E-08
4.92469499902004E-08
4.92469499902004E-08
4.92469499902004E-08
4.92469499902004E-08
4.92469499902004E-08
4.92469499902004E-08
4.92469499902004E-08
4.92469499902004E-08
4.92469499902004E-08
4.92469499902004E-08
4.92469499902004E-08
4.92469499902004E-08
4.92469499902004E-08
4.92469499902004E-08
4.92469499902004E-08
4.92469499902004E-08
4.92469499902004E-08
4.92469499902004E-08
4.92469499902004E-08
4.92469499902004E-08
4.92469499902004E-08
4.92469499902004E-08
4.92469499902004E-08
4.92469499902004E-08
4.92469499902004E-08
4.92469499902004E-08
4.92469499902004E-08
4.92469499902004E-08
4.92469499902004E-08
4.92469499902004E-08
4.92469499902004E-08
4.92469499902004E-08
4.92469499902004E-08
4.92469499902004E-08
4.92469499902004E-08
4.92469499902004E-08
4.92469499902004E-08
4.92469499902004E-08
4.92469499902004E-08
4.92469499902004E-08
4.92469499902004E-08
4.92469499902004E-08
4.92469499902004E-08
4.92469499902004E-08
4.92469499902004E-08
4.92469499902004E-08
4.92469499902004E-08
4.92469499902004E-08
4.92469499902004E-08
4.92469499902004E-08
4.92469499902004E-08
4.92469499902004E-08
4.1497644737154E-08
4.1497644737154E-08
4.1497644737154E-08
4.1497644737154E-08
4.1497644737154E-08
4.1497644737154E-08
4.1497644737154E-08
4.1497644737154E-08
3.15833485198258E-08
3.15833485198258E-08
3.15833485198258E-08
3.15833485198258E-08
3.15833485198258E-08
3.15833485198258E-08
3.15833485198258E-08
3.15833485198258E-08
3.15833485198258E-08
3.15833485198258E-08
9.52271639320657E-09
9.52271639320657E-09
9.52271639320657E-09
9.52271639320657E-09
9.52271639320657E-09
9.52271639320657E-09
9.52271639320657E-09
9.52271639320657E-09
9.52271639320657E-09
9.52271639320657E-09
9.52271639320657E-09
9.52271639320657E-09
9.52271639320657E-09
9.52271639320657E-09
9.52271639320657E-09
9.52271639320657E-09
9.52271639320657E-09
9.52271639320657E-09
9.52271639320657E-09
9.52271639320657E-09
9.52271639320657E-09
9.52271639320657E-09
9.52271639320657E-09
9.52271639320657E-09
9.52271639320657E-09
9.52271639320657E-09
9.52271639320657E-09
9.52271639320657E-09
9.52271639320657E-09
9.52271639320657E-09
9.52271639320657E-09
9.52271639320657E-09
9.52271639320657E-09
9.52271639320657E-09
9.52271639320657E-09
9.52271639320657E-09
9.52271639320657E-09
9.52271639320657E-09
9.52271639320657E-09
9.52271639320657E-09
9.52271639320657E-09
9.52271639320657E-09
9.52271639320657E-09
9.52271639320657E-09
9.52271639320657E-09
9.52271639320657E-09
9.52271639320657E-09
9.52271639320657E-09
9.52271639320657E-09
9.52271639320657E-09
9.52271639320657E-09
9.52271639320657E-09
9.52271639320657E-09
9.52271639320657E-09
9.52271639320657E-09
9.52271639320657E-09
9.52271639320657E-09
9.52271639320657E-09
9.52271639320657E-09
9.52271639320657E-09
9.52271639320657E-09
9.52271639320657E-09
9.52271639320657E-09
9.52271639320657E-09
9.52271639320657E-09
9.52271639320657E-09
9.52271639320657E-09
9.52271639320657E-09
9.52271639320657E-09
9.52271639320657E-09
9.52271639320657E-09
9.52271639320657E-09
9.52271639320657E-09
9.52271639320657E-09
9.52271639320657E-09
9.52271639320657E-09
9.52271639320657E-09
9.52271639320657E-09
9.52271639320657E-09
9.52271639320657E-09
9.52271639320657E-09
9.52271639320657E-09
9.52271639320657E-09
9.52271639320657E-09
9.52271639320657E-09
9.52271639320657E-09
9.52271639320657E-09
9.52271639320657E-09
6.09345862656596E-09
6.09345862656596E-09
6.09345862656596E-09
6.09345862656596E-09
6.09345862656596E-09
6.09345862656596E-09
6.09345862656596E-09
6.09345862656596E-09
6.09345862656596E-09
6.09345862656596E-09
6.09345862656596E-09
6.09345862656596E-09
6.09345862656596E-09
6.09345862656596E-09
6.09345862656596E-09
6.09345862656596E-09
6.09345862656596E-09
6.09345862656596E-09
6.09345862656596E-09
6.09345862656596E-09
6.09345862656596E-09
6.09345862656596E-09
6.09345862656596E-09
6.09345862656596E-09
6.09345862656596E-09
6.09345862656596E-09
6.09345862656596E-09
6.09345862656596E-09
6.09345862656596E-09
6.09345862656596E-09
6.09345862656596E-09
6.09345862656596E-09
6.09345862656596E-09
6.09345862656596E-09
6.09345862656596E-09
6.09345862656596E-09
6.09345862656596E-09
6.09345862656596E-09
6.09345862656596E-09
6.09345862656596E-09
6.09345862656596E-09
6.09345862656596E-09
6.09345862656596E-09
6.09345862656596E-09
6.09345862656596E-09
6.09345862656596E-09
6.09345862656596E-09
6.09345862656596E-09
6.09345862656596E-09
6.09345862656596E-09
6.09345862656596E-09
6.09345862656596E-09
6.09345862656596E-09
6.09345862656596E-09
5.98324739753409E-09
5.98324739753409E-09
5.98324739753409E-09
5.98324739753409E-09

