0.114618500829306
0.114618500829306
0.0132575266876847
0.0132575266876847
0.0132575266876847
0.0132575266876847
0.0132575266876847
0.0132575266876847
0.00582472858977023
0.00582472858977023
0.00582472858977023
0.00531261752704904
0.0053087565906238
0.0053087565906238
0.0053087565906238
0.0053087565906238
0.00134044589695115
0.00134044589695115
0.00115007922365995
0.00103695835064488
0.000774200714419582
0.000774200714419582
0.000411835457477583
0.000411835457477583
0.00020385965885239
0.00020385965885239
0.00020385965885239
0.00020385965885239
0.00020385965885239
0.00020385965885239
0.00020385965885239
0.00020385965885239
0.00020385965885239
0.00020385965885239
0.00020385965885239
0.00020385965885239
0.00020385965885239
0.00020385965885239
0.00020385965885239
0.000110898728525766
0.000110898728525766
0.000110898728525766
0.000110898728525766
0.000110898728525766
0.000110898728525766
0.000100864950356661
0.000100864950356661
9.47091535969946E-05
6.46635771390791E-05
6.46635771390791E-05
6.46635771390791E-05
6.46635771390791E-05
6.46635771390791E-05
3.81146098181739E-05
3.81146098181739E-05
3.81146098181739E-05
3.81146098181739E-05
3.81146098181739E-05
3.81146098181739E-05
3.81146098181739E-05
2.13058394182841E-05
2.13058394182841E-05
2.13058394182841E-05
2.13058394182841E-05
2.13058394182841E-05
2.13058394182841E-05
2.13058394182841E-05
2.13058394182841E-05
2.13058394182841E-05
2.13058394182841E-05
1.34233787019156E-05
1.34233787019156E-05
1.34233787019156E-05
1.34233787019156E-05
1.2036440779406E-05
1.2036440779406E-05
1.2036440779406E-05
1.2036440779406E-05
1.2036440779406E-05
1.2036440779406E-05
1.2036440779406E-05
6.44668913618585E-06
6.44668913618585E-06
6.44668913618585E-06
6.44668913618585E-06
6.44668913618585E-06
6.44668913618585E-06
6.44668913618585E-06
6.08808632396318E-06
6.08808632396318E-06
6.08808632396318E-06
6.08808632396318E-06
6.08808632396318E-06
6.08808632396318E-06
6.08808632396318E-06
6.08808632396318E-06
6.08808632396318E-06
6.08808632396318E-06
6.08808632396318E-06
3.92117177261397E-06
3.92117177261397E-06
3.92117177261397E-06
3.92117177261397E-06
3.92117177261397E-06
3.92117177261397E-06
3.92117177261397E-06
3.92117177261397E-06
3.92117177261397E-06
3.92117177261397E-06
3.92117177261397E-06
3.92117177261397E-06
3.92117177261397E-06
3.92117177261397E-06
3.92117177261397E-06
3.92117177261397E-06
3.92117177261397E-06
3.61858456243702E-06
3.61858456243702E-06
3.61858456243702E-06
3.61858456243702E-06
3.21358948562889E-06
3.21358948562889E-06
3.21358948562889E-06
2.54927667109328E-06
2.54927667109328E-06
1.69521643433868E-06
1.69521643433868E-06
1.69521643433868E-06
1.69521643433868E-06
1.69521643433868E-06
1.69521643433868E-06
1.69521643433868E-06
1.69521643433868E-06
1.08155772260421E-06
1.08155772260421E-06
1.03103494497603E-06
1.03103494497603E-06
1.03103494497603E-06
1.03103494497603E-06
1.03103494497603E-06
1.03103494497603E-06
1.03103494497603E-06
1.03103494497603E-06
1.03103494497603E-06
1.03103494497603E-06
1.03103494497603E-06
1.03103494497603E-06
1.03103494497603E-06
1.03103494497603E-06
1.03103494497603E-06
1.03103494497603E-06
1.03103494497603E-06
1.03103494497603E-06
1.03103494497603E-06
1.03103494497603E-06
1.03103494497603E-06
1.03103494497603E-06
1.03103494497603E-06
1.03103494497603E-06
1.03103494497603E-06
1.03103494497603E-06
1.03103494497603E-06
1.03103494497603E-06
1.03103494497603E-06
1.03103494497603E-06
1.03103494497603E-06
1.03103494497603E-06
1.03103494497603E-06
1.03103494497603E-06
1.03103494497603E-06
1.03103494497603E-06
1.03103494497603E-06
1.03103494497603E-06
1.03103494497603E-06
1.03103494497603E-06
1.03103494497603E-06
1.03103494497603E-06
1.03103494497603E-06
1.03103494497603E-06
1.03103494497603E-06
1.03103494497603E-06
1.03103494497603E-06
6.12353075468697E-07
6.12353075468697E-07
6.12353075468697E-07
6.12353075468697E-07
3.55130688078908E-07
3.55130688078908E-07
3.55130688078908E-07
3.55130688078908E-07
3.55130688078908E-07
3.55130688078908E-07
3.55130688078908E-07
3.55130688078908E-07
3.55130688078908E-07
3.55130688078908E-07
3.55130688078908E-07
3.55130688078908E-07
3.55130688078908E-07
3.55130688078908E-07
3.55130688078908E-07
3.55130688078908E-07
3.55130688078908E-07
3.55130688078908E-07
3.55130688078908E-07
3.55130688078908E-07
3.55130688078908E-07
3.55130688078908E-07
3.55130688078908E-07
1.51619545363246E-07
1.51619545363246E-07
1.51619545363246E-07
1.51619545363246E-07
1.51619545363246E-07
1.51619545363246E-07
1.51619545363246E-07
1.51619545363246E-07
1.51619545363246E-07
1.51619545363246E-07
1.51619545363246E-07
1.51619545363246E-07
1.51619545363246E-07
1.51619545363246E-07
1.51619545363246E-07
1.51619545363246E-07
1.51619545363246E-07
1.51619545363246E-07
1.51619545363246E-07
1.51619545363246E-07
1.51619545363246E-07
1.51619545363246E-07
9.67033682020002E-08
9.67033682020002E-08
9.67033682020002E-08
9.67033682020002E-08
9.67033682020002E-08
9.67033682020002E-08
9.67033682020002E-08
9.67033682020002E-08
9.67033682020002E-08
9.67033682020002E-08
9.67033682020002E-08
9.67033682020002E-08
9.67033682020002E-08
9.67033682020002E-08
9.67033682020002E-08
9.67033682020002E-08
9.67033682020002E-08
9.67033682020002E-08
9.67033682020002E-08
9.67033682020002E-08
9.67033682020002E-08
9.67033682020002E-08
9.67033682020002E-08
9.67033682020002E-08
9.67033682020002E-08
9.67033682020002E-08
9.67033682020002E-08
9.67033682020002E-08
9.67033682020002E-08
9.67033682020002E-08
9.67033682020002E-08
9.67033682020002E-08
9.67033682020002E-08
9.67033682020002E-08
9.67033682020002E-08
9.67033682020002E-08
9.67033682020002E-08
9.67033682020002E-08
9.67033682020002E-08
9.67033682020002E-08
9.67033682020002E-08
9.67033682020002E-08
9.67033682020002E-08
9.67033682020002E-08
9.67033682020002E-08
9.67033682020002E-08
9.67033682020002E-08
9.67033682020002E-08
9.67033682020002E-08
9.67033682020002E-08
9.67033682020002E-08
9.67033682020002E-08
9.67033682020002E-08
9.67033682020002E-08
9.67033682020002E-08
9.67033682020002E-08
9.67033682020002E-08
9.67033682020002E-08
9.67033682020002E-08
9.67033682020002E-08
9.67033682020002E-08
9.67033682020002E-08
9.67033682020002E-08
9.67033682020002E-08
9.67033682020002E-08
9.67033682020002E-08
9.67033682020002E-08
9.67033682020002E-08
9.67033682020002E-08
9.67033682020002E-08
9.67033682020002E-08
9.67033682020002E-08
9.67033682020002E-08
7.51264704890175E-08
7.51264704890175E-08
7.51264704890175E-08
7.51264704890175E-08
7.51264704890175E-08
7.51264704890175E-08
7.51264704890175E-08
7.51264704890175E-08
7.51264704890175E-08
7.51264704890175E-08
7.51264704890175E-08
7.51264704890175E-08
7.51264704890175E-08
7.51264704890175E-08
7.51264704890175E-08
7.51264704890175E-08
7.51264704890175E-08
7.51264704890175E-08
7.51264704890175E-08
7.51264704890175E-08
7.51264704890175E-08
7.51264704890175E-08
2.19610399865289E-08
2.19610399865289E-08
2.19610399865289E-08
2.19610399865289E-08
2.19610399865289E-08
2.19610399865289E-08
2.19610399865289E-08
2.19610399865289E-08
2.19610399865289E-08
2.19610399865289E-08
2.19610399865289E-08
2.19610399865289E-08
2.19610399865289E-08
2.19610399865289E-08
2.19610399865289E-08
2.19610399865289E-08
2.19610399865289E-08
2.19610399865289E-08
2.19610399865289E-08
2.19610399865289E-08
2.19610399865289E-08
2.19610399865289E-08
2.19610399865289E-08
2.19610399865289E-08
2.19610399865289E-08
2.19610399865289E-08
2.19610399865289E-08
2.19610399865289E-08
2.19610399865289E-08
2.19610399865289E-08
2.19610399865289E-08
2.19610399865289E-08
2.19610399865289E-08
2.19610399865289E-08
2.19610399865289E-08
2.19610399865289E-08
2.19610399865289E-08
7.14595471684731E-09
7.14595471684731E-09
7.14595471684731E-09
7.14595471684731E-09
7.14595471684731E-09
7.14595471684731E-09
7.14595471684731E-09
7.14595471684731E-09
7.14595471684731E-09
7.14595471684731E-09
7.14595471684731E-09
7.14595471684731E-09
7.14595471684731E-09
7.14595471684731E-09
7.14595471684731E-09
7.14595471684731E-09
7.14595471684731E-09
7.14595471684731E-09
7.14595471684731E-09
7.14595471684731E-09
7.14595471684731E-09
7.14595471684731E-09
7.14595471684731E-09
7.14595471684731E-09
7.14595471684731E-09
7.14595471684731E-09
7.14595471684731E-09
7.14595471684731E-09
7.14595471684731E-09
7.14595471684731E-09
7.14595471684731E-09
7.14595471684731E-09
7.14595471684731E-09
7.14595471684731E-09
7.14595471684731E-09
7.14595471684731E-09
7.14595471684731E-09
7.14595471684731E-09
7.14595471684731E-09
7.14595471684731E-09
7.14595471684731E-09
7.14595471684731E-09
7.14595471684731E-09
7.14595471684731E-09
7.14595471684731E-09
7.14595471684731E-09
7.14595471684731E-09
7.14595471684731E-09
7.14595471684731E-09
7.14595471684731E-09
7.14595471684731E-09
7.14595471684731E-09
7.14595471684731E-09
7.14595471684731E-09
7.14595471684731E-09
7.14595471684731E-09
7.14595471684731E-09
7.14595471684731E-09
7.14595471684731E-09
7.14595471684731E-09
7.14595471684731E-09
7.14595471684731E-09
7.14595471684731E-09
7.14595471684731E-09
7.14595471684731E-09
7.14595471684731E-09
7.14595471684731E-09
7.14595471684731E-09
7.14595471684731E-09
7.14595471684731E-09
7.14595471684731E-09
7.14595471684731E-09
7.14595471684731E-09
7.14595471684731E-09
7.14595471684731E-09
7.14595471684731E-09
7.14595471684731E-09
7.14595471684731E-09
7.14595471684731E-09
7.14595471684731E-09
7.14595471684731E-09
7.14595471684731E-09
7.14595471684731E-09
7.14595471684731E-09
7.14595471684731E-09
7.14595471684731E-09
7.14595471684731E-09
7.14595471684731E-09
5.94989812974234E-09
5.94989812974234E-09
5.94989812974234E-09
5.94989812974234E-09
5.94989812974234E-09
5.94989812974234E-09
3.81632347945526E-09
3.81632347945526E-09
3.81632347945526E-09
3.81632347945526E-09
3.81632347945526E-09
3.81632347945526E-09
3.81632347945526E-09
3.81632347945526E-09
3.81632347945526E-09
3.81632347945526E-09
3.81632347945526E-09
3.81632347945526E-09
3.81632347945526E-09
3.81632347945526E-09
3.81632347945526E-09
3.81632347945526E-09
3.81632347945526E-09
3.81632347945526E-09
3.81632347945526E-09
3.81632347945526E-09
3.81632347945526E-09
3.81632347945526E-09
3.81632347945526E-09
3.81632347945526E-09
3.81632347945526E-09
3.81632347945526E-09
3.81632347945526E-09
3.81632347945526E-09
3.81632347945526E-09
3.81632347945526E-09
3.81632347945526E-09
3.81632347945526E-09
3.81632347945526E-09
3.81632347945526E-09
3.81632347945526E-09
3.81632347945526E-09
3.81632347945526E-09
3.81632347945526E-09
3.81632347945526E-09
3.81632347945526E-09
3.81632347945526E-09
3.81632347945526E-09
3.81632347945526E-09

