0.0968745692789155
0.0723549916711589
0.0723549916711589
0.0723549916711589
0.0715267215816308
0.0514738701125622
0.031228060384256
0.031228060384256
0.031228060384256
0.031060424317452
0.0282266314458877
0.0168935731414594
0.0168935731414594
0.0118598358179664
0.00418933050350975
0.00418933050350975
0.00418933050350975
0.00288320608533241
0.00288320608533241
0.00288320608533241
0.00288320608533241
0.00228590416609292
0.000447330977517701
0.000447330977517701
0.000447330977517701
0.000447330977517701
0.000248027331583633
8.65259744874947E-05
8.65259744874947E-05
8.65259744874947E-05
8.65259744874947E-05
8.65259744874947E-05
8.65259744874947E-05
8.65259744874947E-05
8.65259744874947E-05
8.65259744874947E-05
8.65259744874947E-05
8.65259744874947E-05
4.19919338534303E-05
4.19919338534303E-05
4.19919338534303E-05
4.19919338534303E-05
3.4254848875287E-05
3.4254848875287E-05
3.4254848875287E-05
3.4254848875287E-05
3.4254848875287E-05
3.4254848875287E-05
3.4254848875287E-05
3.4254848875287E-05
3.4254848875287E-05
3.4254848875287E-05
3.06913025590605E-05
3.06913025590605E-05
3.06913025590605E-05
1.84075996370603E-05
1.84075996370603E-05
1.84075996370603E-05
1.84075996370603E-05
1.84075996370603E-05
1.84075996370603E-05
1.84075996370603E-05
1.84075996370603E-05
1.84075996370603E-05
1.84075996370603E-05
1.84075996370603E-05
1.84075996370603E-05
1.84075996370603E-05
1.12932737132698E-05
1.12932737132698E-05
1.12932737132698E-05
1.12932737132698E-05
1.12932737132698E-05
1.12932737132698E-05
1.12932737132698E-05
8.03267662796703E-06
5.43721379334117E-06
5.43721379334117E-06
5.43721379334117E-06
5.43721379334117E-06
5.43721379334117E-06
5.43721379334117E-06
5.43721379334117E-06
5.43721379334117E-06
5.43721379334117E-06
5.43721379334117E-06
5.43721379334117E-06
3.40747243629536E-06
3.40747243629536E-06
3.40747243629536E-06
3.40747243629536E-06
3.40747243629536E-06
3.40747243629536E-06
3.40747243629536E-06
3.40747243629536E-06
3.40747243629536E-06
3.40747243629536E-06
3.40747243629536E-06
3.40747243629536E-06
3.40747243629536E-06
1.26777846076731E-06
1.26777846076731E-06
1.26777846076731E-06
1.26777846076731E-06
1.26777846076731E-06
1.26777846076731E-06
1.26777846076731E-06
1.26777846076731E-06
1.26777846076731E-06
1.26777846076731E-06
1.26777846076731E-06
1.26777846076731E-06
1.26777846076731E-06
1.26777846076731E-06
1.26777846076731E-06
1.26777846076731E-06
1.26777846076731E-06
1.26777846076731E-06
1.1082395974249E-06
1.1082395974249E-06
1.1082395974249E-06
1.1082395974249E-06
1.1082395974249E-06
1.1082395974249E-06
1.1082395974249E-06
1.1082395974249E-06
1.1082395974249E-06
1.1082395974249E-06
1.1082395974249E-06
1.1082395974249E-06
1.1082395974249E-06
1.1082395974249E-06
1.1082395974249E-06
1.1082395974249E-06
1.1082395974249E-06
1.1082395974249E-06
1.1082395974249E-06
1.1082395974249E-06
1.1082395974249E-06
1.1082395974249E-06
1.1082395974249E-06
1.1082395974249E-06
1.1082395974249E-06
1.1082395974249E-06
1.1082395974249E-06
1.1082395974249E-06
1.1082395974249E-06
1.1082395974249E-06
1.1082395974249E-06
1.1082395974249E-06
1.1082395974249E-06
1.08931275621948E-06
9.12506987110762E-07
9.12506987110762E-07
9.12506987110762E-07
9.12506987110762E-07
9.12506987110762E-07
9.12506987110762E-07
9.12506987110762E-07
9.12506987110762E-07
9.12506987110762E-07
9.12506987110762E-07
9.12506987110762E-07
9.12506987110762E-07
9.12506987110762E-07
9.12506987110762E-07
9.12506987110762E-07
9.12506987110762E-07
3.91457662701766E-07
3.91457662701766E-07
3.91457662701766E-07
3.91457662701766E-07
3.91457662701766E-07
3.91457662701766E-07
3.91457662701766E-07
3.91457662701766E-07
3.91457662701766E-07
3.91457662701766E-07
3.91457662701766E-07
3.91457662701766E-07
3.91457662701766E-07
3.91457662701766E-07
3.91457662701766E-07
3.91457662701766E-07
3.91457662701766E-07
3.91457662701766E-07
3.91457662701766E-07
3.91457662701766E-07
3.91457662701766E-07
3.91457662701766E-07
3.91457662701766E-07
3.91457662701766E-07
3.68156773733475E-07
3.68156773733475E-07
3.68156773733475E-07
3.68156773733475E-07
3.68156773733475E-07
3.68156773733475E-07
3.68156773733475E-07
3.68156773733475E-07
3.68156773733475E-07
3.68156773733475E-07
3.68156773733475E-07
3.68156773733475E-07
3.68156773733475E-07
3.68156773733475E-07
3.68156773733475E-07
3.68156773733475E-07
3.68156773733475E-07
3.68156773733475E-07
3.68156773733475E-07
3.68156773733475E-07
3.68156773733475E-07
3.68156773733475E-07
3.68156773733475E-07
3.68156773733475E-07
3.68156773733475E-07
3.68156773733475E-07
3.68156773733475E-07
3.68156773733475E-07
3.68156773733475E-07
3.68156773733475E-07
3.68156773733475E-07
3.68156773733475E-07
3.68156773733475E-07
3.63326054603208E-07
3.63326054603208E-07
3.63326054603208E-07
3.63326054603208E-07
3.47172381731653E-07
3.47172381731653E-07
3.47172381731653E-07
3.47172381731653E-07
3.47172381731653E-07
3.47172381731653E-07
3.47172381731653E-07
3.47172381731653E-07
3.47172381731653E-07
3.47172381731653E-07
3.47172381731653E-07
3.47172381731653E-07
3.47172381731653E-07
3.47172381731653E-07
3.47172381731653E-07
3.47172381731653E-07
3.47172381731653E-07
3.47172381731653E-07
3.47172381731653E-07
3.47172381731653E-07
3.47172381731653E-07
3.47172381731653E-07
3.47172381731653E-07
3.47172381731653E-07
3.47172381731653E-07
3.47172381731653E-07
3.47172381731653E-07
3.47172381731653E-07
3.47172381731653E-07
3.47172381731653E-07
3.47172381731653E-07
3.47172381731653E-07
3.47172381731653E-07
3.47172381731653E-07
3.47172381731653E-07
3.47172381731653E-07
3.47172381731653E-07
3.47172381731653E-07
3.47172381731653E-07
3.47172381731653E-07
1.91893511886088E-07
1.91893511886088E-07
1.91893511886088E-07
1.91893511886088E-07
1.91893511886088E-07
1.91893511886088E-07
1.91893511886088E-07
1.91893511886088E-07
1.91893511886088E-07
1.91893511886088E-07
1.09508779266854E-07
1.09508779266854E-07
1.09508779266854E-07
6.37888812049514E-08
6.37888812049514E-08
6.37888812049514E-08
6.37888812049514E-08
6.37888812049514E-08
3.19779550339572E-08
3.19779550339572E-08
3.19779550339572E-08
3.19779550339572E-08
3.19779550339572E-08
3.19779550339572E-08
3.19779550339572E-08
3.19779550339572E-08
3.19779550339572E-08
3.19779550339572E-08
3.19779550339572E-08
3.19779550339572E-08
3.19779550339572E-08
3.19779550339572E-08
3.19779550339572E-08
3.19779550339572E-08
3.19779550339572E-08
3.19779550339572E-08
3.19779550339572E-08
3.19779550339572E-08
3.19779550339572E-08
3.19779550339572E-08
3.19779550339572E-08
3.19779550339572E-08
3.19779550339572E-08
3.19779550339572E-08
3.19779550339572E-08
3.19779550339572E-08
3.19779550339572E-08
3.19779550339572E-08
3.19779550339572E-08
3.19779550339572E-08
3.19779550339572E-08
3.19779550339572E-08
3.19779550339572E-08
3.19779550339572E-08
2.61703098081156E-08
2.61703098081156E-08
2.61703098081156E-08
2.61703098081156E-08
2.61703098081156E-08
2.61703098081156E-08
2.61703098081156E-08
2.61703098081156E-08
2.61703098081156E-08
2.61703098081156E-08
2.61703098081156E-08
2.61703098081156E-08
1.39937499366027E-08
1.39937499366027E-08
1.39937499366027E-08
1.39937499366027E-08
1.39937499366027E-08
1.39937499366027E-08
1.39937499366027E-08
1.39937499366027E-08
1.39937499366027E-08
1.39937499366027E-08
1.39937499366027E-08
1.39937499366027E-08
1.39937499366027E-08
1.39937499366027E-08
1.39937499366027E-08
1.39937499366027E-08
1.39937499366027E-08
1.39937499366027E-08
1.39937499366027E-08
1.39937499366027E-08
1.39937499366027E-08
1.39937499366027E-08
1.39937499366027E-08
1.39937499366027E-08
1.39937499366027E-08
1.39937499366027E-08
1.39937499366027E-08
1.39937499366027E-08
1.39937499366027E-08
1.39937499366027E-08
1.39937499366027E-08
1.39937499366027E-08
1.39937499366027E-08
1.39937499366027E-08
1.39937499366027E-08
1.39937499366027E-08
1.39937499366027E-08
1.39937499366027E-08
1.39937499366027E-08
1.39937499366027E-08
1.39937499366027E-08
1.39937499366027E-08
1.39937499366027E-08
1.39937499366027E-08
1.39937499366027E-08
1.39937499366027E-08
1.39937499366027E-08
1.39937499366027E-08
1.39937499366027E-08
1.39937499366027E-08
1.39937499366027E-08
1.39937499366027E-08
1.39937499366027E-08
1.39937499366027E-08
1.39937499366027E-08
1.39937499366027E-08
1.39937499366027E-08
1.39937499366027E-08
1.39937499366027E-08
1.39937499366027E-08
1.39937499366027E-08
1.39937499366027E-08
1.39937499366027E-08
1.39937499366027E-08
1.39937499366027E-08
1.39937499366027E-08
1.39937499366027E-08
1.39937499366027E-08
1.39937499366027E-08
1.39937499366027E-08
1.39937499366027E-08
1.39937499366027E-08
1.39937499366027E-08
1.39937499366027E-08
1.39937499366027E-08
1.39937499366027E-08
1.39937499366027E-08
1.39937499366027E-08
1.39937499366027E-08
1.39937499366027E-08
1.39937499366027E-08
1.39937499366027E-08
1.39937499366027E-08
1.39937499366027E-08
1.39937499366027E-08
1.39937499366027E-08
1.39937499366027E-08
1.39937499366027E-08
1.39937499366027E-08
1.39937499366027E-08
1.39937499366027E-08
1.39937499366027E-08
1.39937499366027E-08
1.39937499366027E-08
1.39937499366027E-08
1.39937499366027E-08
1.39937499366027E-08
1.39937499366027E-08
1.39937499366027E-08
1.39937499366027E-08
1.39937499366027E-08
1.39937499366027E-08
1.39937499366027E-08
1.39937499366027E-08
1.39937499366027E-08
1.39937499366027E-08
1.39937499366027E-08
1.39937499366027E-08
1.39937499366027E-08
1.39937499366027E-08
1.39937499366027E-08
1.39937499366027E-08
1.39937499366027E-08
1.39937499366027E-08
1.39937499366027E-08
1.39937499366027E-08
1.39937499366027E-08
1.39937499366027E-08
1.39937499366027E-08
1.39937499366027E-08
1.39937499366027E-08
1.39937499366027E-08
1.39937499366027E-08
1.39937499366027E-08
1.2445068781064E-08
1.2445068781064E-08
1.2445068781064E-08
1.2445068781064E-08
1.2445068781064E-08
1.2445068781064E-08
1.2445068781064E-08
1.2445068781064E-08
1.2445068781064E-08
1.00950706682923E-08
1.00950706682923E-08
1.00950706682923E-08
1.00950706682923E-08
1.00950706682923E-08
1.00950706682923E-08
1.00950706682923E-08
1.00950706682923E-08
1.00950706682923E-08
1.00950706682923E-08
1.00950706682923E-08
2.09499864678442E-09
2.09499864678442E-09
2.09499864678442E-09
2.09499864678442E-09
2.09499864678442E-09
2.09499864678442E-09
2.09499864678442E-09
2.09499864678442E-09
2.09499864678442E-09
2.09499864678442E-09
2.09499864678442E-09
2.09499864678442E-09
2.09499864678442E-09
2.09499864678442E-09
2.09499864678442E-09
2.09499864678442E-09
2.09499864678442E-09
2.09499864678442E-09
2.09499864678442E-09
2.09499864678442E-09
2.09499864678442E-09

