0.0741786975174692
0.0741786975174692
0.0741786975174692
0.0741786975174692
0.0256908239019651
0.0256908239019651
0.00904693552797109
0.00904693552797109
0.00367543941030868
0.00367543941030868
0.00367543941030868
0.00367543941030868
0.00367543941030868
0.00367543941030868
0.00367543941030868
0.00367543941030868
0.00312447318568901
0.00206206970878969
0.00121805913173106
0.00121805913173106
0.00121805913173106
0.00121805913173106
0.00121805913173106
0.00121805913173106
0.00121805913173106
0.00042992085642346
0.00042992085642346
0.00042992085642346
0.00042992085642346
0.00042992085642346
0.00042992085642346
0.00042992085642346
0.00042992085642346
0.00042992085642346
0.00042992085642346
0.00042992085642346
0.00042992085642346
0.00042992085642346
0.00042992085642346
0.00042992085642346
0.00042992085642346
0.00042992085642346
0.00042992085642346
0.00042992085642346
0.00042992085642346
0.00014618730118815
0.000133846623822154
0.000133846623822154
0.000133846623822154
0.000133846623822154
7.58856040983802E-05
7.58856040983802E-05
7.58856040983802E-05
4.46648444671349E-05
4.46648444671349E-05
4.46648444671349E-05
4.46648444671349E-05
4.46648444671349E-05
4.46648444671349E-05
4.46648444671349E-05
4.46648444671349E-05
4.46648444671349E-05
4.46648444671349E-05
4.46648444671349E-05
4.46648444671349E-05
3.13566046572511E-05
3.13566046572511E-05
3.13566046572511E-05
3.13566046572511E-05
3.13566046572511E-05
3.13566046572511E-05
3.13566046572511E-05
3.13566046572511E-05
2.05571018161987E-05
2.05571018161987E-05
2.05571018161987E-05
2.05571018161987E-05
2.05571018161987E-05
2.05571018161987E-05
2.05571018161987E-05
2.05571018161987E-05
2.05571018161987E-05
2.05571018161987E-05
2.05571018161987E-05
1.75295936172271E-05
1.75295936172271E-05
1.75295936172271E-05
1.75295936172271E-05
1.75295936172271E-05
1.75295936172271E-05
1.68866980499172E-05
2.1486347051014E-06
2.1486347051014E-06
2.1486347051014E-06
2.1486347051014E-06
2.1486347051014E-06
2.1486347051014E-06
2.1486347051014E-06
2.1486347051014E-06
2.1486347051014E-06
2.1486347051014E-06
2.1486347051014E-06
2.1486347051014E-06
2.1486347051014E-06
2.1486347051014E-06
2.1486347051014E-06
2.1486347051014E-06
2.1486347051014E-06
2.1486347051014E-06
2.1486347051014E-06
2.1486347051014E-06
2.1486347051014E-06
2.1486347051014E-06
2.1486347051014E-06
2.1486347051014E-06
2.1486347051014E-06
2.1486347051014E-06
2.1486347051014E-06
2.1486347051014E-06
2.1486347051014E-06
2.1486347051014E-06
2.1486347051014E-06
2.1486347051014E-06
2.1486347051014E-06
2.1486347051014E-06
2.1486347051014E-06
2.1486347051014E-06
2.1486347051014E-06
2.1486347051014E-06
2.1486347051014E-06
2.1486347051014E-06
2.1486347051014E-06
2.1486347051014E-06
2.1486347051014E-06
2.1486347051014E-06
2.1486347051014E-06
2.1486347051014E-06
2.1486347051014E-06
2.1486347051014E-06
2.1486347051014E-06
2.1486347051014E-06
2.1486347051014E-06
2.1486347051014E-06
2.1486347051014E-06
2.1486347051014E-06
2.1486347051014E-06
2.1486347051014E-06
2.1486347051014E-06
2.1486347051014E-06
2.1486347051014E-06
2.1486347051014E-06
2.1486347051014E-06
2.1486347051014E-06
1.05693482096991E-06
1.05693482096991E-06
1.05693482096991E-06
1.05693482096991E-06
1.05693482096991E-06
1.05693482096991E-06
1.05693482096991E-06
1.05693482096991E-06
1.05693482096991E-06
1.05693482096991E-06
1.05693482096991E-06
1.05693482096991E-06
1.05693482096991E-06
1.05693482096991E-06
1.05693482096991E-06
1.05693482096991E-06
1.05693482096991E-06
7.78561820513612E-07
7.78561820513612E-07
7.78561820513612E-07
7.78561820513612E-07
7.78561820513612E-07
7.78561820513612E-07
7.78561820513612E-07
6.95045494936153E-07
6.95045494936153E-07
6.95045494936153E-07
6.95045494936153E-07
6.95045494936153E-07
6.95045494936153E-07
6.95045494936153E-07
6.95045494936153E-07
6.95045494936153E-07
6.95045494936153E-07
6.95045494936153E-07
6.95045494936153E-07
6.95045494936153E-07
6.95045494936153E-07
6.95045494936153E-07
6.95045494936153E-07
6.95045494936153E-07
6.95045494936153E-07
6.95045494936153E-07
6.95045494936153E-07
6.95045494936153E-07
6.95045494936153E-07
6.95045494936153E-07
6.95045494936153E-07
6.95045494936153E-07
6.95045494936153E-07
6.95045494936153E-07
6.95045494936153E-07
6.95045494936153E-07
6.35692442130242E-07
6.35692442130242E-07
6.35692442130242E-07
6.35692442130242E-07
6.35692442130242E-07
6.35692442130242E-07
6.35692442130242E-07
6.35692442130242E-07
6.35692442130242E-07
6.35692442130242E-07
6.35692442130242E-07
6.35692442130242E-07
1.17150874862082E-07
1.17150874862082E-07
1.17150874862082E-07
1.17150874862082E-07
1.17150874862082E-07
1.17150874862082E-07
1.17150874862082E-07
1.17150874862082E-07
1.17150874862082E-07
1.17150874862082E-07
1.17150874862082E-07
1.17150874862082E-07
1.17150874862082E-07
1.17150874862082E-07
1.17150874862082E-07
1.17150874862082E-07
1.17150874862082E-07
1.17150874862082E-07
1.17150874862082E-07
1.17150874862082E-07
1.17150874862082E-07
1.17150874862082E-07
1.17150874862082E-07
1.17150874862082E-07
1.17150874862082E-07
1.17150874862082E-07
1.17150874862082E-07
1.17150874862082E-07
1.17150874862082E-07
1.17150874862082E-07
1.17150874862082E-07
1.17150874862082E-07
1.17150874862082E-07
1.17150874862082E-07
1.17150874862082E-07
1.17150874862082E-07
1.17150874862082E-07
1.17150874862082E-07
1.17150874862082E-07
1.17150874862082E-07
1.17150874862082E-07
1.17150874862082E-07
1.17150874862082E-07
3.17230379187627E-08
3.17230379187627E-08
3.17230379187627E-08
3.17230379187627E-08
3.17230379187627E-08
3.17230379187627E-08
3.17230379187627E-08
3.17230379187627E-08
3.17230379187627E-08
3.17230379187627E-08
3.17230379187627E-08
3.17230379187627E-08
3.17230379187627E-08
3.17230379187627E-08
3.17230379187627E-08
3.17230379187627E-08
3.17230379187627E-08
3.17230379187627E-08
3.17230379187627E-08
3.17230379187627E-08
3.17230379187627E-08
3.17230379187627E-08
3.17230379187627E-08
3.17230379187627E-08
3.17230379187627E-08
3.17230379187627E-08
3.17230379187627E-08
3.17230379187627E-08
3.17230379187627E-08
3.17230379187627E-08
3.17230379187627E-08
3.17230379187627E-08
3.17230379187627E-08
3.17230379187627E-08
3.17230379187627E-08
3.17230379187627E-08
3.17230379187627E-08
3.17230379187627E-08
3.17230379187627E-08
3.17230379187627E-08
3.17230379187627E-08
3.17230379187627E-08
3.17230379187627E-08
3.17230379187627E-08
3.17230379187627E-08
3.17230379187627E-08
3.17230379187627E-08
3.17230379187627E-08
3.17230379187627E-08
3.17230379187627E-08
3.17230379187627E-08
3.17230379187627E-08
3.17230379187627E-08
3.17230379187627E-08
3.17230379187627E-08
3.17230379187627E-08
3.17230379187627E-08
3.17230379187627E-08
3.17230379187627E-08
3.17230379187627E-08
3.17230379187627E-08
3.17230379187627E-08
3.17230379187627E-08
3.17230379187627E-08
3.17230379187627E-08
3.17230379187627E-08
3.17230379187627E-08
3.17230379187627E-08
3.17230379187627E-08
3.17230379187627E-08
3.17230379187627E-08
3.17230379187627E-08
3.17230379187627E-08
3.17230379187627E-08
3.17230379187627E-08
3.17230379187627E-08
3.17230379187627E-08
1.14304359311035E-08
1.14304359311035E-08
1.14304359311035E-08
1.14304359311035E-08
1.14304359311035E-08
1.14304359311035E-08
1.14304359311035E-08
1.14304359311035E-08
1.14304359311035E-08
1.14304359311035E-08
1.14304359311035E-08
1.14304359311035E-08
1.14304359311035E-08
1.14304359311035E-08
1.14304359311035E-08
1.14304359311035E-08
1.14304359311035E-08
1.14304359311035E-08
1.14304359311035E-08
1.14304359311035E-08
1.14304359311035E-08
1.00262467772616E-08
1.00262467772616E-08
1.00262467772616E-08
1.00262467772616E-08
1.00262467772616E-08
1.00262467772616E-08
1.00262467772616E-08
1.00262467772616E-08
1.00262467772616E-08
1.00262467772616E-08
1.00262467772616E-08
1.00262467772616E-08
1.00262467772616E-08
1.00262467772616E-08
1.00262467772616E-08
1.00262467772616E-08
1.00262467772616E-08
1.00262467772616E-08
1.00262467772616E-08
1.00262467772616E-08
1.00262467772616E-08
1.00262467772616E-08
1.00262467772616E-08
1.00262467772616E-08
1.00262467772616E-08
1.00262467772616E-08
1.00262467772616E-08
1.00262467772616E-08
1.00262467772616E-08
1.00262467772616E-08
1.00262467772616E-08
1.00262467772616E-08
1.00262467772616E-08
1.00262467772616E-08
1.00262467772616E-08
1.00262467772616E-08
1.00262467772616E-08
1.00262467772616E-08
1.00262467772616E-08
1.00262467772616E-08
1.00262467772616E-08
1.00262467772616E-08
9.0276179864901E-09
9.0276179864901E-09
9.0276179864901E-09
9.0276179864901E-09
9.0276179864901E-09
9.0276179864901E-09
9.0276179864901E-09
9.0276179864901E-09
9.0276179864901E-09
9.0276179864901E-09
9.0276179864901E-09
9.0276179864901E-09
9.0276179864901E-09
9.0276179864901E-09
9.0276179864901E-09
9.0276179864901E-09
9.0276179864901E-09
9.0276179864901E-09
9.0276179864901E-09
9.0276179864901E-09
9.0276179864901E-09
9.0276179864901E-09
9.0276179864901E-09
9.0276179864901E-09
9.0276179864901E-09
9.0276179864901E-09
9.0276179864901E-09
9.0276179864901E-09
9.0276179864901E-09
9.0276179864901E-09
9.0276179864901E-09
9.0276179864901E-09
9.0276179864901E-09
9.0276179864901E-09
9.0276179864901E-09
9.0276179864901E-09
9.0276179864901E-09
9.0276179864901E-09
9.0276179864901E-09
9.0276179864901E-09
9.0276179864901E-09
9.0276179864901E-09
9.0276179864901E-09
9.0276179864901E-09
9.0276179864901E-09
9.0276179864901E-09
9.0276179864901E-09
9.0276179864901E-09
9.0276179864901E-09
9.0276179864901E-09
9.0276179864901E-09
9.0276179864901E-09
9.0276179864901E-09
9.0276179864901E-09
8.36824495809019E-09
8.36824495809019E-09
8.36824495809019E-09
6.4504740437954E-09
6.4504740437954E-09
6.4504740437954E-09
6.4504740437954E-09
6.4504740437954E-09
6.4504740437954E-09
6.4504740437954E-09
6.4504740437954E-09
6.4504740437954E-09
6.4504740437954E-09
6.4504740437954E-09
6.4504740437954E-09
6.4504740437954E-09
6.4504740437954E-09
6.4504740437954E-09
6.4504740437954E-09
6.4504740437954E-09
6.4504740437954E-09
6.4504740437954E-09
6.4504740437954E-09
6.4504740437954E-09
6.4504740437954E-09
6.4504740437954E-09
6.4504740437954E-09
6.4504740437954E-09
6.4504740437954E-09
6.4504740437954E-09
6.4504740437954E-09
6.4504740437954E-09
6.4504740437954E-09
6.4504740437954E-09
6.27579302414638E-09
6.27579302414638E-09
6.27579302414638E-09
6.27579302414638E-09
6.27579302414638E-09
6.27579302414638E-09
6.27579302414638E-09
6.27579302414638E-09
6.27579302414638E-09
6.27579302414638E-09
6.27579302414638E-09

