0.0874233482820321
0.0799970361912262
0.00463838470452382
0.00463838470452382
0.00463838470452382
0.00463838470452382
0.00463838470452382
0.00463838470452382
0.00463838470452382
0.00463838470452382
0.00463838470452382
0.00463838470452382
0.00463838470452382
0.00463838470452382
0.00463838470452382
0.00463838470452382
0.00463838470452382
0.00463838470452382
0.00185782087767561
0.00185782087767561
0.00185782087767561
0.00185782087767561
0.00185782087767561
0.00183704787043026
0.000956345899239985
0.000956345899239985
0.000956345899239985
0.000956345899239985
0.000956345899239985
0.000795524861296915
0.000795524861296915
0.000795524861296915
0.000795524861296915
0.000409651445121784
0.000409651445121784
0.000409651445121784
0.000180927485237403
0.000180927485237403
0.000180927485237403
0.000180927485237403
0.000180927485237403
0.000180927485237403
0.000180927485237403
0.000180927485237403
0.000180927485237403
0.000179232343706093
0.000179232343706093
0.000119466224401676
0.000119466224401676
0.000119466224401676
0.000119466224401676
0.000119466224401676
0.000119466224401676
0.000119466224401676
0.000119466224401676
0.000119466224401676
0.000119466224401676
6.28940872554606E-05
6.28940872554606E-05
6.28940872554606E-05
6.28940872554606E-05
6.28940872554606E-05
6.28940872554606E-05
2.07372439906539E-05
2.07372439906539E-05
2.07372439906539E-05
2.07372439906539E-05
2.07372439906539E-05
2.07372439906539E-05
2.07372439906539E-05
2.07372439906539E-05
2.07372439906539E-05
2.07372439906539E-05
2.07372439906539E-05
2.07372439906539E-05
2.07372439906539E-05
2.07372439906539E-05
2.07372439906539E-05
2.07372439906539E-05
2.07372439906539E-05
2.02273200448633E-05
2.02273200448633E-05
2.02273200448633E-05
1.70406739137263E-05
1.70406739137263E-05
1.70406739137263E-05
1.70406739137263E-05
1.70406739137263E-05
1.70406739137263E-05
1.70406739137263E-05
1.21740451182739E-05
1.21740451182739E-05
7.15146403812428E-06
7.15146403812428E-06
7.15146403812428E-06
7.15146403812428E-06
7.15146403812428E-06
7.15146403812428E-06
7.15146403812428E-06
7.15146403812428E-06
7.15146403812428E-06
7.15146403812428E-06
7.15146403812428E-06
7.15146403812428E-06
6.94371224635448E-06
6.94371224635448E-06
6.94371224635448E-06
6.94371224635448E-06
2.34820431871396E-06
2.34820431871396E-06
2.34820431871396E-06
2.34820431871396E-06
2.34820431871396E-06
2.34820431871396E-06
2.34820431871396E-06
2.34820431871396E-06
2.34820431871396E-06
2.34820431871396E-06
2.34820431871396E-06
2.34820431871396E-06
2.34820431871396E-06
2.34820431871396E-06
2.34820431871396E-06
2.34820431871396E-06
2.34820431871396E-06
2.34820431871396E-06
7.93759589057252E-07
7.93759589057252E-07
7.93759589057252E-07
7.93759589057252E-07
7.93759589057252E-07
7.93759589057252E-07
7.93759589057252E-07
7.93759589057252E-07
7.93759589057252E-07
7.93759589057252E-07
7.93759589057252E-07
7.93759589057252E-07
7.93759589057252E-07
7.93759589057252E-07
7.93759589057252E-07
7.93759589057252E-07
7.93759589057252E-07
7.93759589057252E-07
7.93759589057252E-07
7.93759589057252E-07
7.93759589057252E-07
7.93759589057252E-07
7.93759589057252E-07
7.93759589057252E-07
7.93759589057252E-07
7.93759589057252E-07
7.93759589057252E-07
7.93759589057252E-07
7.93759589057252E-07
7.93759589057252E-07
7.93759589057252E-07
7.93759589057252E-07
7.93759589057252E-07
7.93759589057252E-07
7.93759589057252E-07
7.93759589057252E-07
7.93759589057252E-07
7.93759589057252E-07
7.93759589057252E-07
7.93759589057252E-07
7.93759589057252E-07
7.93759589057252E-07
7.93759589057252E-07
7.93759589057252E-07
7.93759589057252E-07
7.93759589057252E-07
7.93759589057252E-07
7.93759589057252E-07
7.93759589057252E-07
7.93759589057252E-07
7.93759589057252E-07
7.93759589057252E-07
7.93759589057252E-07
7.93759589057252E-07
7.93759589057252E-07
7.93759589057252E-07
7.93759589057252E-07
7.93759589057252E-07
4.30473320101044E-07
4.30473320101044E-07
4.30473320101044E-07
4.30473320101044E-07
4.30473320101044E-07
4.30473320101044E-07
4.30473320101044E-07
4.30473320101044E-07
4.30473320101044E-07
4.30473320101044E-07
4.30473320101044E-07
4.30473320101044E-07
4.30473320101044E-07
4.09344351359753E-07
4.09344351359753E-07
4.09344351359753E-07
4.09344351359753E-07
4.09344351359753E-07
4.09344351359753E-07
4.09344351359753E-07
4.09344351359753E-07
4.09344351359753E-07
4.09344351359753E-07
4.09344351359753E-07
4.09344351359753E-07
4.09344351359753E-07
4.09344351359753E-07
4.09344351359753E-07
4.09344351359753E-07
4.09344351359753E-07
4.09344351359753E-07
4.09344351359753E-07
4.09344351359753E-07
4.09344351359753E-07
4.09344351359753E-07
4.09344351359753E-07
4.09344351359753E-07
4.09344351359753E-07
4.09344351359753E-07
4.09344351359753E-07
4.09344351359753E-07
4.09344351359753E-07
4.09344351359753E-07
4.09344351359753E-07
4.09344351359753E-07
4.09344351359753E-07
4.09344351359753E-07
4.09344351359753E-07
4.09344351359753E-07
4.09344351359753E-07
4.09344351359753E-07
3.29853567904159E-07
3.29853567904159E-07
3.29853567904159E-07
3.29853567904159E-07
3.29853567904159E-07
3.29853567904159E-07
3.29853567904159E-07
3.29853567904159E-07
3.29853567904159E-07
3.29853567904159E-07
3.29853567904159E-07
3.29853567904159E-07
3.29853567904159E-07
1.22679244651813E-07
1.22679244651813E-07
1.22679244651813E-07
1.22679244651813E-07
1.22679244651813E-07
1.22679244651813E-07
1.22679244651813E-07
1.22679244651813E-07
1.22679244651813E-07
1.22679244651813E-07
1.22679244651813E-07
1.22679244651813E-07
1.22679244651813E-07
1.22679244651813E-07
1.22679244651813E-07
1.22679244651813E-07
1.22679244651813E-07
1.22679244651813E-07
1.22679244651813E-07
1.22679244651813E-07
1.22679244651813E-07
1.22679244651813E-07
1.22679244651813E-07
1.22679244651813E-07
1.22679244651813E-07
1.22679244651813E-07
1.22679244651813E-07
1.22679244651813E-07
1.22679244651813E-07
1.22679244651813E-07
1.22679244651813E-07
1.22679244651813E-07
1.22679244651813E-07
1.22679244651813E-07
1.22679244651813E-07
1.22679244651813E-07
1.22679244651813E-07
1.22679244651813E-07
1.22679244651813E-07
1.22679244651813E-07
1.22679244651813E-07
1.22679244651813E-07
1.22679244651813E-07
1.22679244651813E-07
1.22679244651813E-07
1.22679244651813E-07
1.22679244651813E-07
1.22679244651813E-07
1.22679244651813E-07
1.22679244651813E-07
1.22679244651813E-07
1.22679244651813E-07
1.22679244651813E-07
1.22679244651813E-07
1.22679244651813E-07
1.22679244651813E-07
1.22679244651813E-07
1.22679244651813E-07
1.22679244651813E-07
1.22679244651813E-07
1.22679244651813E-07
1.22679244651813E-07
1.22679244651813E-07
1.22679244651813E-07
1.22679244651813E-07
1.22679244651813E-07
1.22679244651813E-07
1.22679244651813E-07
1.22679244651813E-07
1.22679244651813E-07
1.22679244651813E-07
1.14291711983405E-07
1.14291711983405E-07
1.14291711983405E-07
1.14291711983405E-07
1.14291711983405E-07
7.00023173871855E-08
7.00023173871855E-08
7.00023173871855E-08
7.00023173871855E-08
7.00023173871855E-08
7.00023173871855E-08
7.00023173871855E-08
7.00023173871855E-08
7.00023173871855E-08
7.00023173871855E-08
7.00023173871855E-08
7.00023173871855E-08
7.00023173871855E-08
7.00023173871855E-08
7.00023173871855E-08
7.00023173871855E-08
7.00023173871855E-08
7.00023173871855E-08
7.00023173871855E-08
7.00023173871855E-08
7.00023173871855E-08
7.00023173871855E-08
7.00023173871855E-08
7.00023173871855E-08
7.00023173871855E-08
5.67233517934085E-08
5.67233517934085E-08
5.67233517934085E-08
5.67233517934085E-08
5.67233517934085E-08
5.67233517934085E-08
5.67233517934085E-08
5.405568287431E-08
5.405568287431E-08
5.405568287431E-08
5.405568287431E-08
5.405568287431E-08
5.405568287431E-08
5.405568287431E-08
5.405568287431E-08
5.405568287431E-08
3.99525717509341E-08
3.99525717509341E-08
3.99525717509341E-08
3.99525717509341E-08
3.99525717509341E-08
3.99525717509341E-08
3.99525717509341E-08
3.99525717509341E-08
3.99525717509341E-08
3.99525717509341E-08
3.99525717509341E-08
3.99525717509341E-08
3.99525717509341E-08
3.99525717509341E-08
3.99525717509341E-08
3.99525717509341E-08
3.99525717509341E-08
3.99525717509341E-08
3.99525717509341E-08
3.99525717509341E-08
3.99525717509341E-08
3.99525717509341E-08
3.99525717509341E-08
3.99525717509341E-08
3.99525717509341E-08
3.99525717509341E-08
3.99525717509341E-08
3.99525717509341E-08
2.32716748649331E-08
2.32716748649331E-08
2.32716748649331E-08
2.32716748649331E-08
2.32716748649331E-08
2.32716748649331E-08
2.32716748649331E-08
2.32716748649331E-08
2.32716748649331E-08
2.32716748649331E-08
2.32716748649331E-08
2.32716748649331E-08
2.32716748649331E-08
2.32716748649331E-08
2.32716748649331E-08
2.32716748649331E-08
2.32716748649331E-08
2.32716748649331E-08
1.34735167467426E-08
1.34735167467426E-08
1.10410550147044E-08
1.10410550147044E-08
1.10410550147044E-08
1.10410550147044E-08
1.10410550147044E-08
1.10410550147044E-08
1.10410550147044E-08
1.10410550147044E-08
1.10410550147044E-08
1.10410550147044E-08
1.10410550147044E-08
1.10410550147044E-08
1.10410550147044E-08
1.10410550147044E-08
1.10410550147044E-08
1.10410550147044E-08
1.10410550147044E-08
1.10410550147044E-08
1.10410550147044E-08
1.10410550147044E-08
1.10410550147044E-08
1.10410550147044E-08
1.10410550147044E-08
1.10410550147044E-08
1.10410550147044E-08
1.10410550147044E-08
3.180447571971E-10
3.180447571971E-10
3.180447571971E-10
3.180447571971E-10
3.180447571971E-10
3.180447571971E-10
3.180447571971E-10
3.180447571971E-10
3.180447571971E-10
3.180447571971E-10
3.180447571971E-10
3.180447571971E-10
3.180447571971E-10
3.180447571971E-10
3.180447571971E-10
3.180447571971E-10
3.180447571971E-10
3.180447571971E-10
3.180447571971E-10
3.180447571971E-10
3.180447571971E-10
3.180447571971E-10
3.180447571971E-10
3.180447571971E-10
3.180447571971E-10
3.180447571971E-10
3.180447571971E-10
3.180447571971E-10
3.180447571971E-10
3.180447571971E-10
3.180447571971E-10
3.180447571971E-10
3.180447571971E-10
3.180447571971E-10
3.180447571971E-10
3.180447571971E-10
3.180447571971E-10
3.180447571971E-10
3.180447571971E-10
3.180447571971E-10
3.180447571971E-10
3.180447571971E-10
3.180447571971E-10
3.180447571971E-10
3.180447571971E-10
3.180447571971E-10
3.180447571971E-10
3.180447571971E-10
3.180447571971E-10
3.180447571971E-10
3.180447571971E-10
3.180447571971E-10
3.180447571971E-10
3.180447571971E-10
3.180447571971E-10
3.180447571971E-10
3.180447571971E-10
3.180447571971E-10
3.180447571971E-10
3.180447571971E-10
3.180447571971E-10

