0.0975349128681909
0.0645329469827699
0.0645329469827699
0.0306813416320803
0.0306813416320803
0.0306813416320803
0.0300491091307863
0.0107595358042273
0.0107595358042273
0.0107595358042273
0.0102611685724676
0.0102611685724676
0.00632731116576046
0.00507232175347971
0.00382672288531549
0.00226121193052742
0.00226121193052742
0.00206758595413126
0.00151947021911636
0.00151947021911636
0.00125153094109109
0.00125153094109109
0.00125153094109109
0.00125153094109109
0.00109419047900139
0.00109419047900139
0.000629833451768591
0.000629833451768591
0.000629833451768591
0.00040501984183472
0.00040501984183472
0.000176709879412984
0.000176709879412984
0.000176709879412984
0.000176709879412984
0.000176709879412984
0.000176709879412984
0.000176709879412984
0.000176709879412984
0.000176709879412984
0.000176709879412984
0.000176709879412984
0.000176709879412984
2.57619116320607E-05
2.57619116320607E-05
2.57619116320607E-05
2.57619116320607E-05
2.57619116320607E-05
2.57619116320607E-05
2.57619116320607E-05
1.83064310880221E-05
1.83064310880221E-05
1.83064310880221E-05
1.83064310880221E-05
1.83064310880221E-05
1.83064310880221E-05
1.83064310880221E-05
1.83064310880221E-05
1.83064310880221E-05
1.83064310880221E-05
1.83064310880221E-05
1.25970603946923E-05
1.25970603946923E-05
1.25970603946923E-05
1.25970603946923E-05
1.25970603946923E-05
1.25970603946923E-05
1.25970603946923E-05
1.25970603946923E-05
1.25970603946923E-05
1.25970603946923E-05
1.25970603946923E-05
1.25970603946923E-05
1.25970603946923E-05
1.25970603946923E-05
1.25970603946923E-05
1.25970603946923E-05
1.25970603946923E-05
1.25970603946923E-05
1.25970603946923E-05
1.25970603946923E-05
1.25970603946923E-05
1.25970603946923E-05
1.25970603946923E-05
1.25970603946923E-05
1.25970603946923E-05
1.25970603946923E-05
1.25970603946923E-05
1.25970603946923E-05
1.25970603946923E-05
1.25970603946923E-05
1.25970603946923E-05
1.00745123318147E-05
1.00745123318147E-05
1.00745123318147E-05
1.00745123318147E-05
1.00745123318147E-05
1.00745123318147E-05
1.00745123318147E-05
1.00745123318147E-05
1.00745123318147E-05
7.04756342584378E-06
7.04756342584378E-06
7.04756342584378E-06
7.04756342584378E-06
7.04756342584378E-06
7.04756342584378E-06
7.04756342584378E-06
7.04756342584378E-06
7.04756342584378E-06
3.04281249841054E-06
3.04281249841054E-06
3.04281249841054E-06
3.04281249841054E-06
3.04281249841054E-06
3.04281249841054E-06
3.04281249841054E-06
3.04281249841054E-06
3.04281249841054E-06
2.04144077176061E-06
2.04144077176061E-06
2.04144077176061E-06
2.04144077176061E-06
2.04144077176061E-06
2.04144077176061E-06
2.04144077176061E-06
2.04144077176061E-06
2.04144077176061E-06
2.04144077176061E-06
2.04144077176061E-06
2.04144077176061E-06
2.04144077176061E-06
2.04144077176061E-06
2.04144077176061E-06
2.04144077176061E-06
2.04144077176061E-06
2.04144077176061E-06
2.04144077176061E-06
1.6011000966154E-06
1.6011000966154E-06
9.68358279784809E-07
9.68358279784809E-07
9.68358279784809E-07
9.68358279784809E-07
9.68358279784809E-07
9.68358279784809E-07
9.68358279784809E-07
9.68358279784809E-07
9.68358279784809E-07
9.68358279784809E-07
4.00970818881241E-07
4.00970818881241E-07
4.00970818881241E-07
4.00970818881241E-07
4.00970818881241E-07
4.00970818881241E-07
4.00970818881241E-07
4.00970818881241E-07
4.00970818881241E-07
4.00970818881241E-07
4.00970818881241E-07
4.00970818881241E-07
4.00970818881241E-07
4.00970818881241E-07
4.00970818881241E-07
4.00970818881241E-07
4.00970818881241E-07
4.00970818881241E-07
4.00970818881241E-07
4.00970818881241E-07
4.00970818881241E-07
1.75243222710897E-07
1.75243222710897E-07
1.75243222710897E-07
1.75243222710897E-07
1.75243222710897E-07
1.75243222710897E-07
1.75243222710897E-07
1.75243222710897E-07
1.75243222710897E-07
1.75243222710897E-07
1.75243222710897E-07
1.75243222710897E-07
1.75243222710897E-07
1.75243222710897E-07
1.75243222710897E-07
1.75243222710897E-07
1.75243222710897E-07
1.75243222710897E-07
1.75243222710897E-07
1.75243222710897E-07
1.75243222710897E-07
1.75243222710897E-07
1.75243222710897E-07
1.75243222710897E-07
1.75243222710897E-07
1.75243222710897E-07
1.75243222710897E-07
1.75243222710897E-07
1.75243222710897E-07
1.75243222710897E-07
1.75243222710897E-07
1.75243222710897E-07
1.75243222710897E-07
1.75243222710897E-07
1.75243222710897E-07
1.75243222710897E-07
1.75243222710897E-07
1.75243222710897E-07
1.75243222710897E-07
1.75243222710897E-07
1.75243222710897E-07
1.75243222710897E-07
1.75243222710897E-07
1.75243222710897E-07
1.75243222710897E-07
1.75243222710897E-07
1.75243222710897E-07
8.99769450057875E-08
8.99769450057875E-08
8.99769450057875E-08
8.99769450057875E-08
8.99769450057875E-08
8.99769450057875E-08
8.99769450057875E-08
8.99769450057875E-08
8.99769450057875E-08
8.99769450057875E-08
8.99769450057875E-08
8.99769450057875E-08
8.99769450057875E-08
8.99769450057875E-08
8.99769450057875E-08
8.99769450057875E-08
8.99769450057875E-08
8.99769450057875E-08
8.99769450057875E-08
8.99769450057875E-08
8.99769450057875E-08
8.99769450057875E-08
8.99769450057875E-08
8.99769450057875E-08
8.99769450057875E-08
8.99769450057875E-08
8.99769450057875E-08
8.99769450057875E-08
8.99769450057875E-08
8.99769450057875E-08
8.99769450057875E-08
8.99769450057875E-08
8.99769450057875E-08
8.99769450057875E-08
8.99769450057875E-08
8.99769450057875E-08
8.99769450057875E-08
8.99769450057875E-08
8.99769450057875E-08
8.99769450057875E-08
8.99769450057875E-08
8.99769450057875E-08
8.99769450057875E-08
8.99769450057875E-08
8.99769450057875E-08
8.99769450057875E-08
8.99769450057875E-08
8.99769450057875E-08
8.32367856862248E-08
8.32367856862248E-08
8.32367856862248E-08
8.32367856862248E-08
8.32367856862248E-08
8.32367856862248E-08
8.32367856862248E-08
8.32367856862248E-08
8.32367856862248E-08
8.32367856862248E-08
8.32367856862248E-08
8.32367856862248E-08
8.32367856862248E-08
8.32367856862248E-08
8.32367856862248E-08
8.32367856862248E-08
8.32367856862248E-08
8.32367856862248E-08
8.32367856862248E-08
8.32367856862248E-08
8.32367856862248E-08
8.32367856862248E-08
8.32367856862248E-08
8.32367856862248E-08
8.32367856862248E-08
8.32367856862248E-08
8.32367856862248E-08
8.32367856862248E-08
8.32367856862248E-08
8.32367856862248E-08
8.32367856862248E-08
8.32367856862248E-08
8.32367856862248E-08
8.32367856862248E-08
8.32367856862248E-08
8.32367856862248E-08
5.61877820937084E-08
5.61877820937084E-08
5.61877820937084E-08
5.52850535351368E-08
5.52850535351368E-08
5.52850535351368E-08
5.52850535351368E-08
5.52850535351368E-08
4.55285058542643E-08
4.55285058542643E-08
4.55285058542643E-08
4.55285058542643E-08
4.55285058542643E-08
4.55285058542643E-08
4.55285058542643E-08
4.55285058542643E-08
4.55285058542643E-08
4.55285058542643E-08
4.55285058542643E-08
4.55285058542643E-08
4.55285058542643E-08
4.55285058542643E-08
4.55285058542643E-08
4.55285058542643E-08
4.55285058542643E-08
4.55285058542643E-08
4.55285058542643E-08
4.55285058542643E-08
4.55285058542643E-08
4.55285058542643E-08
4.55285058542643E-08
4.55285058542643E-08
4.55285058542643E-08
3.14231622944305E-08
3.14231622944305E-08
3.14231622944305E-08
3.14231622944305E-08
3.14231622944305E-08
3.14231622944305E-08
3.14231622944305E-08
3.14231622944305E-08
3.14231622944305E-08
3.14231622944305E-08
3.14231622944305E-08
3.14231622944305E-08
3.14231622944305E-08
3.14231622944305E-08
3.14231622944305E-08
3.14231622944305E-08
3.14231622944305E-08
3.14231622944305E-08
3.14231622944305E-08
3.14231622944305E-08
7.91639176433989E-09
7.91639176433989E-09
7.91639176433989E-09
7.91639176433989E-09
7.91639176433989E-09
7.91639176433989E-09
7.91639176433989E-09
7.91639176433989E-09
7.91639176433989E-09
7.91639176433989E-09
7.91639176433989E-09
7.91639176433989E-09
7.91639176433989E-09
7.91639176433989E-09
7.91639176433989E-09
7.91639176433989E-09
7.91639176433989E-09
7.91639176433989E-09
7.91639176433989E-09
7.91639176433989E-09
7.91639176433989E-09
7.91639176433989E-09
7.91639176433989E-09
7.91639176433989E-09
7.91639176433989E-09
7.91639176433989E-09
7.91639176433989E-09
7.91639176433989E-09
7.91639176433989E-09
7.91639176433989E-09
7.91639176433989E-09
7.91639176433989E-09
7.91639176433989E-09
7.91639176433989E-09
7.91639176433989E-09
7.91639176433989E-09
7.91639176433989E-09
7.91639176433989E-09
7.91639176433989E-09
7.91639176433989E-09
7.91639176433989E-09
7.91639176433989E-09
7.91639176433989E-09
7.91639176433989E-09
7.91639176433989E-09
7.91639176433989E-09
7.91639176433989E-09
7.91639176433989E-09
7.91639176433989E-09
7.91639176433989E-09
7.91639176433989E-09
7.91639176433989E-09
7.91639176433989E-09
7.91639176433989E-09
7.91639176433989E-09
7.91639176433989E-09
7.91639176433989E-09
7.91639176433989E-09
7.91639176433989E-09
7.91639176433989E-09
7.91639176433989E-09
7.91639176433989E-09
7.91639176433989E-09
7.91639176433989E-09
7.91639176433989E-09
7.91639176433989E-09
7.91639176433989E-09
3.79361086988439E-09
3.30232385881146E-09
3.30232385881146E-09
3.30232385881146E-09
3.30232385881146E-09
3.30232385881146E-09
3.30232385881146E-09
3.30232385881146E-09
3.30232385881146E-09
3.30232385881146E-09
3.30232385881146E-09
3.30232385881146E-09
3.30232385881146E-09
3.30232385881146E-09
3.30232385881146E-09
3.30232385881146E-09
3.30232385881146E-09
3.30232385881146E-09
3.30232385881146E-09
3.30232385881146E-09
3.30232385881146E-09
3.30232385881146E-09
3.30232385881146E-09
3.30232385881146E-09
3.30232385881146E-09
2.26474783371344E-09
2.26474783371344E-09
2.26474783371344E-09
2.26474783371344E-09
2.26474783371344E-09
2.26474783371344E-09
2.26474783371344E-09
2.26474783371344E-09
2.26474783371344E-09
2.26474783371344E-09
2.26474783371344E-09
2.26474783371344E-09
2.26474783371344E-09
2.26474783371344E-09
2.26474783371344E-09
2.26474783371344E-09
2.26474783371344E-09
2.26474783371344E-09
2.26474783371344E-09
2.26474783371344E-09
2.26474783371344E-09
2.26474783371344E-09
2.26474783371344E-09
2.26474783371344E-09
2.26474783371344E-09
2.26474783371344E-09
2.26474783371344E-09
2.26474783371344E-09
2.26474783371344E-09
2.26474783371344E-09
2.26474783371344E-09
2.26474783371344E-09
2.26474783371344E-09
2.26474783371344E-09
2.26474783371344E-09
2.26474783371344E-09
2.26474783371344E-09
2.26474783371344E-09
2.26474783371344E-09
2.26474783371344E-09
2.26474783371344E-09
2.26474783371344E-09
2.26474783371344E-09
2.26474783371344E-09
2.26474783371344E-09
2.26474783371344E-09
2.26474783371344E-09
2.26474783371344E-09
2.26474783371344E-09
2.26474783371344E-09
2.26474783371344E-09
2.26474783371344E-09
2.26474783371344E-09

