0.156738072117723
0.0813205825285226
0.0654243551112975
0.0654243551112975
0.0542965072916753
0.0314953886492857
0.0314953886492857
0.00104902666119377
0.00104902666119377
0.00104902666119377
0.00104902666119377
0.00104902666119377
0.000557841156470784
0.000557841156470784
0.000557841156470784
0.000557841156470784
0.000557841156470784
0.000557841156470784
0.000557841156470784
0.000557841156470784
0.000557841156470784
0.000557841156470784
0.000415216476204239
0.000415216476204239
0.000415216476204239
0.000415216476204239
0.000415216476204239
0.000415216476204239
0.000415216476204239
0.000257402048864319
0.000257402048864319
0.000257402048864319
0.000257402048864319
0.000257402048864319
0.000216692590681467
0.000207091718251284
0.000207091718251284
0.000207091718251284
0.000207091718251284
0.000207091718251284
0.000207091718251284
0.000207091718251284
0.000207091718251284
0.000207091718251284
0.000207091718251284
0.000176293336998479
0.000126664878020433
0.000126664878020433
0.000126664878020433
0.000126664878020433
0.000126664878020433
4.78975981972884E-05
4.78975981972884E-05
4.78975981972884E-05
4.78975981972884E-05
4.78975981972884E-05
4.78975981972884E-05
4.78975981972884E-05
4.78975981972884E-05
4.78975981972884E-05
4.78975981972884E-05
4.78975981972884E-05
4.78975981972884E-05
4.78975981972884E-05
4.78975981972884E-05
4.78975981972884E-05
4.78975981972884E-05
2.47656665821605E-05
2.47656665821605E-05
2.47656665821605E-05
2.47656665821605E-05
2.47656665821605E-05
2.47656665821605E-05
2.47656665821605E-05
2.06716220744196E-05
2.06716220744196E-05
2.06716220744196E-05
2.06716220744196E-05
2.06716220744196E-05
4.28811435371212E-06
4.28811435371212E-06
4.28811435371212E-06
4.28811435371212E-06
4.28811435371212E-06
4.28811435371212E-06
4.28811435371212E-06
4.28811435371212E-06
3.15402089590133E-06
3.15402089590133E-06
3.15402089590133E-06
3.15402089590133E-06
2.12824864398442E-06
2.12824864398442E-06
2.12824864398442E-06
2.12824864398442E-06
2.12824864398442E-06
2.12824864398442E-06
2.12824864398442E-06
2.12824864398442E-06
2.12824864398442E-06
2.12824864398442E-06
2.12824864398442E-06
2.12824864398442E-06
2.12824864398442E-06
2.12824864398442E-06
2.12824864398442E-06
2.12824864398442E-06
2.12824864398442E-06
2.12824864398442E-06
2.12824864398442E-06
2.12824864398442E-06
2.12824864398442E-06
2.12824864398442E-06
2.12824864398442E-06
2.12824864398442E-06
2.12824864398442E-06
2.12824864398442E-06
2.12824864398442E-06
2.12824864398442E-06
2.12824864398442E-06
2.12824864398442E-06
2.12824864398442E-06
2.12824864398442E-06
2.12824864398442E-06
2.12824864398442E-06
2.12824864398442E-06
2.12824864398442E-06
2.12824864398442E-06
2.12824864398442E-06
2.12824864398442E-06
2.12824864398442E-06
2.12824864398442E-06
2.12824864398442E-06
2.12824864398442E-06
2.12824864398442E-06
1.3202285027436E-06
1.3202285027436E-06
1.3202285027436E-06
1.3202285027436E-06
1.3202285027436E-06
1.3202285027436E-06
1.3202285027436E-06
1.3202285027436E-06
1.3202285027436E-06
1.3202285027436E-06
1.3202285027436E-06
1.3202285027436E-06
1.3202285027436E-06
1.3202285027436E-06
1.3202285027436E-06
1.3202285027436E-06
1.3202285027436E-06
1.3202285027436E-06
1.3202285027436E-06
1.3202285027436E-06
1.3202285027436E-06
8.82852806416423E-07
8.82852806416423E-07
8.82852806416423E-07
7.72024935202786E-07
7.72024935202786E-07
7.72024935202786E-07
7.72024935202786E-07
7.72024935202786E-07
7.72024935202786E-07
7.72024935202786E-07
7.72024935202786E-07
7.72024935202786E-07
7.72024935202786E-07
7.72024935202786E-07
7.72024935202786E-07
7.72024935202786E-07
7.72024935202786E-07
7.72024935202786E-07
7.72024935202786E-07
7.72024935202786E-07
7.72024935202786E-07
7.72024935202786E-07
7.72024935202786E-07
7.72024935202786E-07
7.72024935202786E-07
7.72024935202786E-07
7.72024935202786E-07
7.72024935202786E-07
6.98153989731054E-07
6.98153989731054E-07
6.98153989731054E-07
6.98153989731054E-07
6.98153989731054E-07
6.98153989731054E-07
6.98153989731054E-07
6.98153989731054E-07
6.98153989731054E-07
4.94034008480249E-07
4.94034008480249E-07
4.94034008480249E-07
4.94034008480249E-07
4.94034008480249E-07
4.94034008480249E-07
4.94034008480249E-07
4.94034008480249E-07
4.94034008480249E-07
4.94034008480249E-07
4.94034008480249E-07
4.35118190533768E-07
4.35118190533768E-07
4.35118190533768E-07
4.35118190533768E-07
4.35118190533768E-07
4.35118190533768E-07
4.1865108119099E-07
4.1865108119099E-07
4.1865108119099E-07
4.1865108119099E-07
4.1865108119099E-07
4.1865108119099E-07
4.1865108119099E-07
4.1865108119099E-07
4.1865108119099E-07
4.1865108119099E-07
4.1865108119099E-07
4.1865108119099E-07
4.1865108119099E-07
2.19119641264864E-07
2.19119641264864E-07
2.19119641264864E-07
2.19119641264864E-07
2.19119641264864E-07
2.19119641264864E-07
2.19119641264864E-07
1.95772200672906E-08
1.95772200672906E-08
1.95772200672906E-08
1.95772200672906E-08
1.95772200672906E-08
1.95772200672906E-08
1.95772200672906E-08
1.95772200672906E-08
1.95772200672906E-08
1.95772200672906E-08
1.95772200672906E-08
1.95772200672906E-08
1.95772200672906E-08
1.95772200672906E-08
1.95772200672906E-08
1.95772200672906E-08
1.95772200672906E-08
1.95772200672906E-08
1.95772200672906E-08
1.95772200672906E-08
1.95772200672906E-08
1.95772200672906E-08
1.95772200672906E-08
1.95772200672906E-08
1.95772200672906E-08
1.95772200672906E-08
1.95772200672906E-08
1.95772200672906E-08
1.95772200672906E-08
1.95772200672906E-08
1.95772200672906E-08
1.95772200672906E-08
1.95772200672906E-08
1.95772200672906E-08
1.95772200672906E-08
1.95772200672906E-08
1.95772200672906E-08
1.95772200672906E-08
1.95772200672906E-08
1.95772200672906E-08
1.95772200672906E-08
1.95772200672906E-08
1.95772200672906E-08
1.95772200672906E-08
1.95772200672906E-08
1.95772200672906E-08
1.95772200672906E-08
1.95772200672906E-08
1.95772200672906E-08
1.95772200672906E-08
1.95772200672906E-08
1.95772200672906E-08
1.95772200672906E-08
1.95772200672906E-08
1.95772200672906E-08
1.95772200672906E-08
1.95772200672906E-08
1.95772200672906E-08
1.95772200672906E-08
1.95772200672906E-08
1.95772200672906E-08
1.95772200672906E-08
1.95772200672906E-08
1.95772200672906E-08
1.95772200672906E-08
1.95772200672906E-08
1.95772200672906E-08
1.95772200672906E-08
1.95772200672906E-08
1.95772200672906E-08
1.95772200672906E-08
1.95772200672906E-08
1.95772200672906E-08
1.95772200672906E-08
1.95772200672906E-08
1.95772200672906E-08
1.95772200672906E-08
1.95772200672906E-08
1.95772200672906E-08
1.95772200672906E-08
1.95772200672906E-08
1.95772200672906E-08
1.95772200672906E-08
1.95772200672906E-08
1.95772200672906E-08
1.95772200672906E-08
1.95772200672906E-08
1.95772200672906E-08
1.95772200672906E-08
1.95772200672906E-08
1.95772200672906E-08
1.95772200672906E-08
1.95772200672906E-08
1.95772200672906E-08
1.95772200672906E-08
1.95772200672906E-08
1.95772200672906E-08
1.95772200672906E-08
1.95772200672906E-08
1.95772200672906E-08
1.95772200672906E-08
1.95772200672906E-08
1.95772200672906E-08
1.95772200672906E-08
1.95772200672906E-08
1.95772200672906E-08
1.95772200672906E-08
1.95772200672906E-08
1.95772200672906E-08
1.95772200672906E-08
1.95772200672906E-08
1.95772200672906E-08
1.95772200672906E-08
1.95772200672906E-08
1.95772200672906E-08
1.95772200672906E-08
1.95772200672906E-08
1.95772200672906E-08
1.95772200672906E-08
1.95772200672906E-08
1.95772200672906E-08
1.95772200672906E-08
1.95772200672906E-08
1.95772200672906E-08
1.95772200672906E-08
1.95772200672906E-08
1.95772200672906E-08
1.95772200672906E-08
1.95772200672906E-08
1.95772200672906E-08
1.95772200672906E-08
1.95772200672906E-08
1.95772200672906E-08
1.95772200672906E-08
1.95772200672906E-08
1.95772200672906E-08
1.95772200672906E-08
1.95772200672906E-08
1.95772200672906E-08
1.95772200672906E-08
1.95772200672906E-08
1.95772200672906E-08
1.95772200672906E-08
1.95772200672906E-08
1.95772200672906E-08
1.95772200672906E-08
1.95772200672906E-08
1.95772200672906E-08
1.95772200672906E-08
1.95772200672906E-08
1.95772200672906E-08
1.95772200672906E-08
1.95772200672906E-08
1.95772200672906E-08
1.95772200672906E-08
1.95772200672906E-08
1.95772200672906E-08
1.95772200672906E-08
1.95772200672906E-08
1.95772200672906E-08
1.95772200672906E-08
1.95772200672906E-08
1.95772200672906E-08
1.95772200672906E-08
1.95772200672906E-08
1.95772200672906E-08
1.95772200672906E-08
1.95772200672906E-08
1.95772200672906E-08
1.95772200672906E-08
1.62000903802806E-08
1.62000903802806E-08
1.62000903802806E-08
1.62000903802806E-08
1.62000903802806E-08
1.62000903802806E-08
1.49447232922206E-08
1.49447232922206E-08
1.49447232922206E-08
1.49447232922206E-08
1.49447232922206E-08
1.49447232922206E-08
1.49447232922206E-08
1.49447232922206E-08
1.49447232922206E-08
1.49447232922206E-08
1.49447232922206E-08
1.49447232922206E-08
1.49447232922206E-08
1.49447232922206E-08
1.49447232922206E-08
1.49447232922206E-08
1.49447232922206E-08
1.49447232922206E-08
1.49447232922206E-08
1.49447232922206E-08
1.49447232922206E-08
1.49447232922206E-08
1.49447232922206E-08
1.49447232922206E-08
1.49447232922206E-08
1.49447232922206E-08
1.49447232922206E-08
1.49447232922206E-08
1.49447232922206E-08
1.49447232922206E-08
1.49447232922206E-08
1.49447232922206E-08
1.49447232922206E-08
1.49447232922206E-08
1.49447232922206E-08
1.49447232922206E-08
1.49447232922206E-08
1.49447232922206E-08
1.49447232922206E-08
1.49447232922206E-08
1.49447232922206E-08
1.49447232922206E-08
1.49447232922206E-08
5.27711235820405E-09
5.27711235820405E-09
5.27711235820405E-09
5.27711235820405E-09
5.27711235820405E-09
5.27711235820405E-09
5.27711235820405E-09
5.27711235820405E-09
5.27711235820405E-09
5.27711235820405E-09
5.27711235820405E-09
5.27711235820405E-09
5.27711235820405E-09
5.27711235820405E-09
5.27711235820405E-09
5.27711235820405E-09
5.27711235820405E-09
5.27711235820405E-09
5.27711235820405E-09
5.27711235820405E-09
5.27711235820405E-09
5.27711235820405E-09
5.27711235820405E-09
5.27711235820405E-09
5.27711235820405E-09
5.27711235820405E-09
5.19724319136827E-10
5.19724319136827E-10
5.19724319136827E-10
5.19724319136827E-10
5.19724319136827E-10
5.19724319136827E-10
5.19724319136827E-10
5.19724319136827E-10
5.19724319136827E-10
5.19724319136827E-10
5.19724319136827E-10
5.19724319136827E-10
5.19724319136827E-10
5.19724319136827E-10
5.19724319136827E-10
5.19724319136827E-10
5.19724319136827E-10
5.19724319136827E-10
5.19724319136827E-10
5.19724319136827E-10
5.19724319136827E-10
5.19724319136827E-10
5.19724319136827E-10
5.19724319136827E-10
5.19724319136827E-10

